
1.2287731170654297
0.9724013805389404
1.0074961185455322
0.9689195156097412
0.979748010635376
0.9479734897613525
1.0110065937042236
0.9787511825561523
0.9882950782775879
0.9514408111572266
0.9585011005401611
0.9961409568786621
1.0028557777404785
1.0240399837493896
1.0098741054534912
1.0013234615325928
0.9803273677825928
1.006882905960083
1.0064096450805664
0.9772672653198242
1.026881456375122
0.9490995407104492
0.9565606117248535
1.0274770259857178
1.1349854469299316
1.020078420639038
0.9630672931671143
0.9980576038360596
0.9993269443511963
0.9963579177856445
0.9788103103637695
0.9498627185821533
1.0338056087493896
0.9759807586669922
1.064701795578003
0.9699249267578125
0.9705746173858643
0.9956474304199219
0.9839329719543457
1.0911405086517334
1.2122750282287598
1.0213696956634521
0.9689502716064453
0.9977719783782959
0.9577617645263672
0.990870475769043
0.9871957302093506
0.9885056018829346
1.0038936138153076
0.9810144901275635
0.9869627952575684
1.0392723083496094
1.0085692405700684
0.948645830154419
0.9998400211334229
1.0036115646362305
0.9749913215637207
0.9965674877166748
0.9490516185760498
0.9478681087493896
0.9547698497772217
0.9559504985809326
0.9739601612091064
0.9680371284484863
0.943403959274292
0.9606881141662598
0.9946894645690918
0.9455816745758057
0.9872934818267822
0.9931612014770508
1.0513880252838135
1.0065717697143555
1.0111587047576904
1.036081075668335
1.013296365737915
1.0806493759155273
1.0138623714447021
0.9495222568511963
0.9896230697631836
1.0256626605987549
0.9764726161956787
1.093533992767334
1.344101905822754
1.054121732711792
1.2174928188323975
1.201204776763916
1.074636459350586
1.0432720184326172
1.097369909286499
1.0721936225891113
1.1520354747772217
0.9511215686798096
1.0108263492584229
0.9625613689422607
0.9505410194396973
0.9707293510437012
0.985680103302002
1.0004265308380127
1.0015087127685547
0.9808938503265381
0.9519917964935303
1.026226282119751
0.9363508224487305
0.893477201461792
0.9353761672973633
0.9423956871032715
0.9390969276428223
0.9656147956848145
0.9432661533355713
0.9361996650695801
0.9489758014678955
0.9370896816253662
0.9561283588409424
0.949800968170166
0.9525055885314941
0.9215354919433594
0.9538760185241699
0.9639368057250977
0.9322237968444824
0.9365959167480469
0.9656658172607422
0.9194185733795166
0.9045817852020264
0.927095890045166
0.8978967666625977
0.9736647605895996
0.9768457412719727
1.0098049640655518
1.1419615745544434
0.9719572067260742
0.9541242122650146
0.9719395637512207
0.9976112842559814
0.9207713603973389
0.9361763000488281
0.9166874885559082
0.91373610496521
0.9236955642700195
0.9161388874053955
0.9374423027038574
0.9250848293304443
0.9499964714050293
0.9092743396759033
0.9069139957427979
0.9803884029388428
0.9281549453735352
0.9284782409667969
0.9526801109313965
0.9260580539703369
0.9242815971374512
0.9032595157623291
0.9454975128173828
0.9145562648773193
0.9231393337249756
0.9387714862823486
1.1689176559448242
1.0870962142944336
0.9649553298950195
1.0921599864959717
1.0504112243652344
1.1200344562530518
1.0666627883911133
1.1669385433197021
0.966245174407959
1.1015028953552246
1.0427470207214355
0.9923827648162842
1.0270617008209229
1.022594928741455
1.0364696979522705
1.01033353805542
1.071643352508545
1.1205415725708008
1.0338006019592285
0.9140887260437012
0.9395227432250977
1.2083115577697754
1.0706889629364014
1.1618022918701172
0.9382343292236328
0.9221482276916504
0.9068834781646729
0.9420104026794434
0.9031581878662109
0.9566926956176758
0.9101440906524658
1.2825920581817627
1.061617136001587
0.9154386520385742
0.9772140979766846
0.9085428714752197
0.9316122531890869
0.9287488460540771
0.9584674835205078
0.98256516456604
0.9463937282562256
0.9639015197753906
0.9482755661010742
0.9714517593383789
1.0068516731262207