
1.1538276672363281
1.1419641971588135
1.1319708824157715
1.1200027465820312
1.1249909400939941
1.1349694728851318
1.1110270023345947
1.1060340404510498
1.1309664249420166
1.133939266204834
1.1100497245788574
1.1060595512390137
1.1429698467254639
1.1369576454162598
1.1090517044067383
1.1399667263031006
1.1748592853546143
1.112015724182129
1.1299960613250732
1.1479291915893555
1.1080348491668701
1.1030688285827637
1.1299822330474854
1.147949457168579
1.112046718597412
1.160886287689209
1.1170108318328857
1.8779730796813965
1.1918108463287354
1.1359608173370361
1.121023178100586
1.2077484130859375
1.1160163879394531
1.1120154857635498
1.1459553241729736
1.1399433612823486
1.1379776000976562
1.1110286712646484
1.1469309329986572
1.1319780349731445
1.167874813079834
1.150918960571289
1.1967999935150146
1.1828339099884033
1.1908025741577148
1.1030478477478027
1.1269633769989014
1.1369774341583252
1.1249895095825195
1.2137525081634521
1.110048532485962
1.1389594078063965
1.116013765335083
1.1180083751678467
1.1179556846618652
1.1120309829711914
1.1748566627502441
1.1040666103363037
1.128979206085205
1.1788215637207031
1.1190004348754883
1.1210005283355713
1.1090283393859863
1.132997751235962
1.1190049648284912
1.1040456295013428
1.141944408416748
1.1070575714111328
1.1070570945739746
1.111048936843872
1.104065179824829
1.1180288791656494
1.1100492477416992
1.1629159450531006
1.1070375442504883
1.1140401363372803
1.1559264659881592
1.1100304126739502
1.1090328693389893
1.1349561214447021
1.1568841934204102
1.1240124702453613
1.1279802322387695
1.1379609107971191
1.147921085357666
1.1359586715698242
1.1090314388275146
1.1259875297546387
1.1160333156585693
1.1270112991333008
1.1359634399414062
1.1080563068389893
1.114020586013794
1.147949457168579
1.1120176315307617
1.1140103340148926
1.1150436401367188
1.1299691200256348
1.1668977737426758
1.127974271774292