
1.1230156421661377
1.1050236225128174
1.1000757217407227
1.1249890327453613
1.131000280380249
1.1001472473144531
1.126009225845337
1.1513149738311768
1.0891120433807373
1.1060426235198975
1.1389458179473877
1.1220169067382812
1.1010823249816895
1.1439390182495117
1.1638784408569336
1.1120169162750244
1.0980613231658936
1.1020772457122803
1.1200225353240967
1.1150195598602295
1.0990657806396484
1.1409471035003662
1.1229948997497559
1.1578800678253174
1.1479198932647705
1.122025489807129
1.0990586280822754
1.560795783996582
1.1928353309631348
1.0990784168243408
1.124018907546997
1.1090326309204102
1.0891063213348389
1.146960735321045
1.1249902248382568
1.0990591049194336
1.1249899864196777
1.1140410900115967
1.096088171005249
1.1050429344177246
1.1289730072021484
1.1688926219940186
1.1419432163238525
1.1628868579864502
1.1598966121673584
1.118027687072754
1.1060607433319092
1.1090126037597656
1.167874813079834
1.0940914154052734
1.1519081592559814
1.141932725906372
1.1529221534729004
1.1090331077575684
1.1060400009155273
1.1419448852539062
1.1260077953338623
1.1020495891571045
1.1030681133270264
1.0970790386199951
1.1090385913848877
1.101071834564209
1.1200313568115234
1.1070563793182373
1.1080536842346191
1.1280016899108887
1.0930964946746826
1.0940914154052734
1.1070373058319092
1.137934684753418
1.1220173835754395
1.0920696258544922
1.1828153133392334
1.0980606079101562
1.117030382156372
1.1100494861602783
1.0930964946746826
1.1160337924957275
1.095069408416748
1.1239991188049316
1.103041172027588
1.1289780139923096
1.1379475593566895
1.0980863571166992
1.0936427116394043
1.1666877269744873
1.1399495601654053
1.0930750370025635
1.1040725708007812
1.124985694885254
1.1060600280761719
1.1010606288909912
1.1040456295013428
1.141951322555542
1.1040525436401367
1.09010910987854
1.1858501434326172
1.1020796298980713
1.1349639892578125
1.1060400009155273