
1.170182466506958
0.9994072914123535
0.9365212917327881
0.9687983989715576
0.944979190826416
0.9104723930358887
0.9480800628662109
0.9355161190032959
0.9591617584228516
0.9590551853179932
0.954338550567627
0.9924826622009277
0.9808385372161865
0.9376506805419922
0.9998760223388672
0.9646925926208496
0.9767184257507324
0.9638383388519287
1.0250225067138672
0.9740958213806152
0.9544532299041748
0.9474959373474121
0.9898254871368408
0.9674146175384521
1.131824254989624
0.943535566329956
0.9659266471862793
0.9689409732818604
0.942218542098999
0.9639599323272705
0.9866688251495361
0.9473481178283691
1.0498387813568115
0.9253067970275879
1.0621724128723145
0.9009180068969727
0.9517357349395752
0.9187049865722656
0.9340944290161133
1.1843323707580566
1.0820536613464355
1.0661816596984863
0.9031271934509277
0.932206392288208
0.9495487213134766
0.9809370040893555
0.9605386257171631
0.939486026763916
0.9375193119049072
0.9833712577819824
0.9798197746276855
0.9610276222229004
0.9686040878295898
0.9346468448638916
0.9785871505737305
0.9631290435791016
0.9217438697814941
0.954155683517456
0.9606671333312988
1.0890440940856934
0.9516000747680664
0.9440655708312988
1.0033655166625977
0.9500877857208252
0.9289932250976562
0.9564833641052246
0.9401988983154297
0.9455645084381104
0.9355230331420898
1.0181922912597656
0.949988603591919
0.9923474788665771
0.980426549911499
0.98431396484375
0.9587790966033936
0.9797017574310303
0.9181466102600098
0.9410400390625
0.9045178890228271
0.968012809753418
0.9564487934112549
1.0180294513702393
1.0436739921569824
1.0302486419677734
1.070732593536377
1.113114595413208
1.104062795639038
1.007019281387329
1.0721445083618164
1.0036301612854004
1.0816481113433838
0.9591448307037354
0.9500505924224854
0.950516939163208
0.9336152076721191
0.928189754486084
0.9627277851104736
0.9285495281219482
0.9943387508392334
0.9194314479827881
0.9070971012115479
0.9453432559967041
0.9069328308105469
0.90584397315979
0.8990914821624756
0.9160614013671875
0.9229681491851807
0.9235451221466064
0.9112164974212646
0.9712479114532471
0.9230060577392578
0.9561140537261963
0.9108433723449707
0.9366233348846436
0.9404757022857666
0.9649672508239746
0.9904296398162842
0.9443049430847168
0.9195592403411865
0.9494879245758057
0.9260306358337402
0.9045882225036621
0.8850975036621094
0.9127278327941895
0.8758523464202881
0.9779269695281982
0.9219410419464111
1.0177507400512695
1.1110286712646484
0.9909651279449463
0.9552853107452393
0.9384188652038574
0.9044187068939209
0.8950231075286865
0.8966608047485352
0.8816721439361572
0.879718542098999
0.8871603012084961
0.9010381698608398
0.8868198394775391
0.8926529884338379
0.9016158580780029
0.8838677406311035
0.8907933235168457
0.945537805557251
0.8972229957580566
0.8970766067504883
0.8663673400878906
0.9484601020812988
0.8771405220031738
0.9016506671905518
0.8917555809020996
0.9041900634765625
0.8943095207214355
0.9105687141418457
0.8919694423675537
1.021566390991211
0.9436054229736328
1.0318024158477783
1.0103914737701416
1.0457484722137451
1.0028553009033203
1.0449738502502441
0.8740932941436768
1.019282341003418
0.9808835983276367
1.0921611785888672
1.0144405364990234
1.1804094314575195
0.978400468826294
1.1160900592803955
1.2592737674713135
1.0155739784240723
0.978379487991333
0.9288160800933838
0.9215731620788574
0.9795193672180176
1.1753714084625244
1.0981059074401855
0.9188613891601562
0.8927474021911621
0.8952116966247559
0.8831164836883545
0.8670613765716553
0.8959720134735107
0.8726925849914551
1.0192785263061523
1.1216986179351807
0.9527451992034912
0.8872065544128418
0.8889658451080322
0.9011199474334717
0.8710391521453857
0.9511232376098633
0.908193826675415
0.9463331699371338
0.9477250576019287
0.9470210075378418
0.9100689888000488
0.9865472316741943