
0.10690760612487793
0.09777951240539551
0.10019659996032715
0.11124181747436523
0.09832954406738281
0.11773443222045898
0.1102149486541748
0.127671480178833
0.0964357852935791
0.08269810676574707
0.08913326263427734
0.10569381713867188
0.12542009353637695
0.10482263565063477
0.12129807472229004
0.10522747039794922
0.10420513153076172
0.08900713920593262
0.09325051307678223
0.10134029388427734
0.10991859436035156
0.09334588050842285
0.11302471160888672
0.11940979957580566
0.10096311569213867
0.06764960289001465
0.1029047966003418
0.08983397483825684
0.09684920310974121
0.12061715126037598
0.10286927223205566
0.11503958702087402
0.10132074356079102
0.10271239280700684
0.10164070129394531
0.09853053092956543
0.10086727142333984
0.09562015533447266
0.1257321834564209
0.08595395088195801
0.10762310028076172
0.1286623477935791
0.08232474327087402
0.0979459285736084
0.0827188491821289
0.1205453872680664
0.09872746467590332
0.09910297393798828
0.0927126407623291
0.10213613510131836
0.09126520156860352
0.12409543991088867
0.08261227607727051
0.12321281433105469
0.08949613571166992
0.10502862930297852
0.10890984535217285
0.14043521881103516
0.09730195999145508
0.1084449291229248
0.10561823844909668
0.13136863708496094
0.09748125076293945
0.14433956146240234
0.10525894165039062
0.09717464447021484
0.08756685256958008
0.08989405632019043
0.11503291130065918
0.08614706993103027
0.10349607467651367
0.10533738136291504
0.1087806224822998
0.09632205963134766
0.09489703178405762
0.08089017868041992
0.09856152534484863
0.08538055419921875
0.09794425964355469
0.10057544708251953
0.1202847957611084
0.11383199691772461
0.11447858810424805
0.10567474365234375
0.11855745315551758
0.11614370346069336
0.10385894775390625
0.12377190589904785
0.09868741035461426
0.09605813026428223
0.09372568130493164
0.10013985633850098
0.10589599609375
0.11679673194885254
0.10449719429016113
0.11225008964538574
0.08706831932067871
0.09750795364379883
0.11452102661132812
0.12252593040466309