0.8258106708526611
0.8377869129180908
0.8547139167785645
0.8646867275238037
0.8457369804382324
0.8497271537780762
0.8328003883361816
0.871666669845581
0.852738618850708
0.845736026763916
0.8208038806915283
0.8247931003570557
0.8487362861633301
0.8437423706054688
0.8337752819061279
0.8686957359313965
0.8277864456176758
0.8467409610748291
0.8447670936584473
0.8726353645324707
0.8906378746032715
0.8367385864257812
0.8866560459136963
0.8467543125152588
0.8587088584899902
0.8327713012695312
0.8497252464294434
0.8417458534240723
0.8437685966491699
0.8357915878295898
0.8248202800750732
0.841747522354126
0.8437411785125732
0.8437478542327881
0.8657121658325195
0.8347635269165039
0.8148210048675537
0.8217806816101074
0.8367609977722168
0.8288090229034424
0.8297796249389648
0.8527178764343262
0.8320658206939697
0.8337812423706055
0.8527181148529053
0.8347916603088379
0.8856236934661865
0.8297979831695557
0.8417398929595947
0.842745304107666
0.8716409206390381
0.8387837409973145
0.8397235870361328
0.8956007957458496
0.8521177768707275
0.815805196762085
0.9504594802856445
0.8427507877349854
0.832772970199585
0.868675708770752
0.8397247791290283
0.8377823829650879
0.8307573795318604
0.828784704208374
0.8577325344085693
0.848721981048584
0.8447670936584473
0.8337678909301758
0.8298070430755615
0.8487279415130615
0.8467617034912109
0.8637082576751709
0.8327803611755371
0.8437433242797852
0.8402929306030273
0.8318028450012207
0.8257913589477539
0.8527169227600098
0.8297786712646484
0.8497567176818848
0.8207755088806152
0.838782787322998
0.8403403759002686
0.8397505283355713
0.9315056800842285
0.8586757183074951
0.8258166313171387
0.8587298393249512
0.888622522354126
0.8357715606689453
0.8277840614318848
0.8736536502838135
0.8427727222442627
0.8317642211914062
0.8277585506439209
0.8497333526611328
0.8437740802764893
0.8218276500701904
0.8517196178436279
0.8557026386260986