
1.1710238456726074
0.8831744194030762
0.8803865909576416
0.8510599136352539
0.8702616691589355
0.8573057651519775
0.8695099353790283
0.8558428287506104
0.8638443946838379
0.8477592468261719
0.8759775161743164
0.8449528217315674
0.8498611450195312
0.8776695728302002
0.8697006702423096
0.8462738990783691
0.8558628559112549
0.8821461200714111
0.8470146656036377
0.869260311126709
0.8449356555938721
0.9599385261535645
0.8533551692962646
0.8705809116363525
1.0195777416229248
1.0312860012054443
0.8659641742706299
0.8837928771972656
0.8487339019775391
0.8742020130157471
0.8622009754180908
0.8512868881225586
0.8522653579711914
0.8365578651428223
0.8483107089996338
0.8532810211181641
0.8508694171905518
0.8579802513122559
0.8547666072845459
0.9121294021606445
0.8707423210144043
1.011397123336792
0.8716678619384766
0.8598151206970215
0.8592672348022461
0.8869078159332275
0.9115803241729736
0.9359579086303711
0.8725316524505615
0.9090790748596191
0.888613224029541
0.9160676002502441
0.8896253108978271
0.8633034229278564
0.8663003444671631
0.9032163619995117
0.8628966808319092
0.8432464599609375
0.8671004772186279
0.8344180583953857
0.845893383026123
0.8502507209777832
0.8921208381652832
0.8483202457427979
0.8296260833740234
0.8473670482635498
0.843268632888794
0.8548440933227539
0.844374418258667
0.876964807510376
0.873711347579956
0.9017326831817627
0.8653333187103271
0.8657641410827637
0.9125118255615234
0.9021403789520264
0.8777039051055908
0.8460545539855957
0.8786909580230713
0.8484187126159668
0.8906962871551514
0.8734524250030518
0.9470593929290771
0.9741623401641846
1.0096361637115479
0.9516861438751221
0.9659276008605957
0.8993017673492432
0.9914159774780273
0.9366374015808105
0.9962854385375977
0.8944807052612305
0.8802521228790283
0.9174008369445801
0.9415750503540039
0.8353362083435059
0.8662948608398438
0.8893890380859375
0.8912758827209473
0.8601338863372803
0.9459822177886963
0.8220601081848145
0.8266198635101318
0.8282005786895752
0.8094096183776855
0.8195314407348633
0.8233036994934082
0.8357856273651123
0.8926219940185547
0.8314547538757324
0.8452956676483154
0.8367223739624023
0.8907554149627686
0.8397529125213623
0.8464095592498779
0.859220027923584
0.847475528717041
0.8384203910827637
0.8531923294067383
0.8493859767913818
0.8471086025238037
0.8412628173828125
0.8324334621429443
0.8318221569061279
0.8482732772827148
0.9320580959320068
0.8688452243804932
0.8472836017608643
0.9505116939544678
0.9549572467803955
0.8861007690429688
0.8565616607666016
0.8485257625579834
0.8551831245422363
0.815361499786377
0.8444583415985107
0.8144063949584961
0.8712916374206543
0.8174088001251221
0.8174519538879395
0.8352751731872559
0.8214056491851807
0.8747341632843018
0.8242990970611572
0.8622891902923584
0.8395049571990967
0.8901755809783936
0.8577189445495605
0.7991917133331299
0.8324007987976074
0.8302369117736816
0.8813107013702393
0.8148798942565918
0.8257632255554199
0.8018252849578857
0.8380823135375977
0.9185645580291748
0.9131078720092773
0.8259439468383789
0.9130749702453613
0.9240410327911377
0.9098546504974365
0.9281573295593262
0.8438818454742432
0.9150669574737549
0.9425621032714844
0.9056129455566406
1.0566837787628174
0.9217915534973145
0.9275894165039062
0.9595170021057129
0.9460313320159912
0.8991947174072266
0.9453103542327881
0.8842859268188477
0.7855169773101807
0.8547322750091553
0.9277052879333496
1.018585443496704
0.9639427661895752
0.8753445148468018
0.8408102989196777
0.8354525566101074
0.8134269714355469
0.8608291149139404
0.8228771686553955
0.8881993293762207
0.9075751304626465
1.0628435611724854
0.816784143447876
0.8134152889251709
0.8430590629577637
0.8368175029754639
0.8043532371520996
0.8508942127227783
0.8303678035736084
0.8370001316070557
0.8990986347198486
0.8423702716827393
0.8347048759460449