
0.14246726036071777
0.1249244213104248
0.13126063346862793
0.1314690113067627
0.13890647888183594
0.12969040870666504
0.12867307662963867
0.1454179286956787
0.1362600326538086
0.138533353805542
0.13039255142211914
0.12743520736694336
0.13231611251831055
0.140669584274292
0.13905024528503418
0.13192439079284668
0.14233756065368652
0.13040661811828613
0.156294584274292
0.12969112396240234
0.1463620662689209
0.1400432586669922
0.1306297779083252
0.14040136337280273
0.13264918327331543
0.14318060874938965
0.1316518783569336
0.1384105682373047
0.13730692863464355
0.14529109001159668
0.12644577026367188
0.13316893577575684
0.13156414031982422
0.12094593048095703
0.12614846229553223
0.14278244972229004
0.13517212867736816
0.13243412971496582
0.142364501953125
0.14777398109436035
0.15021681785583496
0.1385209560394287
0.13861441612243652
0.13301348686218262
0.14575958251953125
0.12889647483825684
0.13878893852233887
0.13657736778259277
0.13602256774902344
0.1472337245941162
0.1255655288696289
0.13977956771850586
0.14252161979675293
0.13776350021362305
0.14044451713562012
0.14019536972045898
0.1501781940460205
0.13869071006774902
0.1381816864013672
0.13001489639282227
0.13225626945495605
0.1324152946472168
0.19118571281433105
0.12658166885375977
0.13074731826782227
0.1493685245513916
0.1331465244293213
0.13929963111877441
0.12949156761169434
0.15006017684936523
0.14594507217407227
0.1384127140045166
0.14013147354125977
0.13798284530639648
0.14232707023620605
0.1431293487548828
0.13750624656677246
0.13376808166503906
0.143782377243042
0.14142227172851562
0.14325356483459473
0.12912726402282715
0.13327789306640625
0.13760972023010254
0.13625693321228027
0.13611102104187012
0.14129257202148438
0.14905118942260742
0.157698392868042
0.14012718200683594
0.1390373706817627
0.13065552711486816
0.14588642120361328
0.1400749683380127
0.1405189037322998
0.13970303535461426
0.14373493194580078
0.1309220790863037
0.1319282054901123
0.13668274879455566