
0.10071063041687012
0.1207737922668457
0.13022589683532715
0.13883066177368164
0.13742995262145996
0.13549423217773438
0.12322473526000977
0.12978410720825195
0.13183283805847168
0.11050295829772949
0.13800811767578125
0.11939239501953125
0.1113743782043457
0.11086654663085938
0.13865900039672852
0.13595271110534668
0.15029478073120117
0.13116097450256348
0.1252293586730957
0.12064552307128906
0.12865138053894043
0.11317992210388184
0.1497800350189209
0.11442899703979492
0.12666869163513184
0.1285860538482666
0.11831831932067871
0.11806178092956543
0.11841988563537598
0.12949109077453613
0.12179350852966309
0.10419082641601562
0.1458144187927246
0.11465835571289062
0.11211419105529785
0.13671588897705078
0.12636470794677734
0.11820459365844727
0.1567089557647705
0.14038872718811035
0.13703441619873047
0.13234996795654297
0.1414504051208496
0.11581754684448242
0.1551361083984375
0.14124560356140137
0.1455550193786621
0.13804936408996582
0.12258648872375488
0.12661099433898926
0.14133763313293457
0.12916088104248047
0.11509370803833008
0.13048481941223145
0.13068175315856934
0.124237060546875
0.10663771629333496
0.12255048751831055
0.13763976097106934
0.14491891860961914
0.11961865425109863
0.13748526573181152
0.12630915641784668
0.13274931907653809
0.11547541618347168
0.13550662994384766
0.14481329917907715
0.12587285041809082
0.1348707675933838
0.12472724914550781
0.13117051124572754
0.15371990203857422
0.1096811294555664
0.1162865161895752
0.1407003402709961
0.1393871307373047
0.12234926223754883
0.14061760902404785
0.1312258243560791
0.14255642890930176
0.11645007133483887
0.11199235916137695
0.1032712459564209
0.13008546829223633
0.14318633079528809
0.13406133651733398
0.14083433151245117
0.1551377773284912
0.11458158493041992
0.1214449405670166
0.11375045776367188
0.11086606979370117
0.14157795906066895
0.13431477546691895
0.1414189338684082
0.13294625282287598
0.12407207489013672
0.1367630958557129
0.1393747329711914
0.12606573104858398