
0.042229652404785156
0.031847238540649414
0.027442455291748047
0.03817582130432129
0.03340029716491699
0.03071117401123047
0.03775382041931152
0.027062416076660156
0.03176164627075195
0.0359339714050293
0.03400111198425293
0.03234052658081055
0.04218602180480957
0.03810238838195801
0.03917813301086426
0.031265974044799805
0.027544498443603516
0.0311434268951416
0.04208946228027344
0.03141927719116211
0.034676313400268555
0.03821992874145508
0.03146815299987793
0.03561282157897949
0.025989532470703125
0.03728365898132324
0.03914785385131836
0.03256940841674805
0.035073280334472656
0.030983448028564453
0.03127908706665039
0.031533241271972656
0.030574798583984375
0.03665423393249512
0.028934478759765625
0.02607131004333496
0.036409854888916016
0.033716678619384766
0.04073309898376465
0.029011964797973633
0.03364062309265137
0.032021522521972656
0.03498721122741699
0.030894994735717773
0.036754608154296875
0.031630516052246094
0.04361867904663086
0.033795833587646484
0.029876708984375
0.03966379165649414
0.03660106658935547
0.037589311599731445
0.03795671463012695
0.029941558837890625
0.03422832489013672
0.030627965927124023
0.03505992889404297
0.03630971908569336
0.03545260429382324
0.03323674201965332
0.028368234634399414
0.031115293502807617
0.03145599365234375
0.03791999816894531
0.03432941436767578
0.03699350357055664
0.03184247016906738
0.03490591049194336
0.04216623306274414
0.03341317176818848
0.03522443771362305
0.033026695251464844
0.04152631759643555
0.044214487075805664
0.035555124282836914
0.03922867774963379
0.031621456146240234
0.0396575927734375
0.040813446044921875
0.029169797897338867
0.03659391403198242
0.032968759536743164
0.027280092239379883
0.03615617752075195
0.038547515869140625
0.041558265686035156
0.0383608341217041
0.0339818000793457
0.03138279914855957
0.03525662422180176
0.034738779067993164
0.030586719512939453
0.0316157341003418
0.03864598274230957
0.042054176330566406
0.034108638763427734
0.04289698600769043
0.03260970115661621
0.03691577911376953
0.03520059585571289