
0.02596116065979004
0.023963451385498047
3.9803402423858643
0.1894998550415039
0.3979346752166748
0.12269091606140137
0.6452741622924805
0.5635123252868652
0.6871941089630127
0.8527441024780273
0.5315775871276855
0.5564994812011719
0.36305761337280273
0.6482653617858887
0.4228475093841553
0.4428136348724365
0.41989588737487793
0.6482563018798828
0.5226225852966309
0.5944082736968994
0.41887903213500977
0.4228980541229248
0.5086297988891602
0.5933837890625
0.4318726062774658
0.5006093978881836
0.5126481056213379
0.6951208114624023
0.499683141708374
0.5106616020202637
0.5665044784545898
0.5944364070892334
0.410900354385376
0.7240886688232422
0.3869650363922119
0.4667782783508301
0.3959357738494873
0.5664832592010498
0.465747594833374
0.37499046325683594
0.6731994152069092
0.5864307880401611
0.5983996391296387
0.4607381820678711
0.2702770233154297
0.4687633514404297
0.588444709777832
0.5704939365386963
0.446796178817749
0.7659435272216797
0.4438173770904541
0.5535392761230469
0.7361218929290771
0.5545086860656738
0.6243565082550049
0.4338395595550537
0.5914177894592285
0.4896819591522217
0.5336508750915527
0.44281554222106934
0.6323075294494629
0.49667835235595703
0.6822028160095215
0.5335702896118164
0.6213362216949463
0.583465576171875
0.6153597831726074
0.4966762065887451
0.5305726528167725
0.41985559463500977
0.4497950077056885
0.5495290756225586
0.6811971664428711
0.4786970615386963
0.37200379371643066
0.38993287086486816
0.5355958938598633
0.5295817852020264
0.3311126232147217
0.42685890197753906
0.5774545669555664
0.6831929683685303
0.46276116371154785
0.3999292850494385
0.6402857303619385
0.5305874347686768
0.44281506538391113
0.6313326358795166
0.41588830947875977
0.4468104839324951
0.5365424156188965
0.4677271842956543
0.7570633888244629
0.6282942295074463
0.48481202125549316
0.5256128311157227
0.5684752464294434
0.6283388137817383
0.8008365631103516
0.5046498775482178
0.6353120803833008
0.6492633819580078
0.6442568302154541
0.29123926162719727
0.5864298343658447
0.4258592128753662