
0.03590536117553711
6.758914232254028
0.03390789031982422
7.162840366363525
0.14762616157531738
0.8437447547912598
0.09174990653991699
6.12064266204834
8.83039140701294
6.5205512046813965
6.287196397781372
5.23795485496521
5.970053195953369
7.099023342132568
5.096356630325317
6.850687503814697
7.347358226776123
8.006568670272827
6.813794851303101
11.06039810180664
7.870964765548706
8.535154581069946
6.501628637313843
6.6043500900268555
7.815087795257568
6.97334361076355
8.531179666519165
6.362945556640625
6.809770822525024
7.326414585113525
5.971041917800903
5.535208463668823
4.7882068157196045
6.175496339797974
4.672516345977783
5.359684705734253
7.960698127746582
6.327087879180908
6.751931428909302
7.07010817527771
5.345666170120239
6.872609615325928
8.168143272399902
6.846678972244263
6.37496018409729
6.444775819778442
4.2915167808532715
6.585397243499756
3.803840160369873
8.309762477874756
6.525531768798828
7.163829565048218
8.797458410263062
8.424476385116577
3.7469654083251953
6.246280670166016
4.914848327636719
5.217059135437012
6.085723161697388
5.584057092666626
8.846328258514404
6.022855043411255
7.809077739715576
7.541817903518677
7.794145107269287
7.768212795257568
9.05078125
7.793147802352905
7.172803163528442
6.368978023529053
3.2233612537384033
9.241275548934937
6.281191825866699
5.51324725151062
5.816434144973755
5.922184705734253
3.7370216846466064
7.862978458404541
6.59736704826355
5.057466983795166
8.090351581573486
5.824397325515747
5.160247564315796
6.244287490844727
6.694087982177734
5.447443723678589
7.281508684158325
7.603673934936523
6.953364849090576
5.587069272994995
7.117974519729614
5.635939836502075
9.871604442596436
4.981666088104248
5.196116924285889
6.890581369400024
7.630582094192505
6.474672555923462
6.406852722167969
6.541515111923218
7.3463616371154785
10.951720952987671
8.757585287094116
6.93341851234436
7.175819396972656
4.799176454544067
5.8134377002716064