
0.08952593803405762
0.09465789794921875
0.14411473274230957
0.10085248947143555
0.0816497802734375
0.11172270774841309
0.0918421745300293
0.10979771614074707
0.11126351356506348
0.11306095123291016
0.1251049041748047
0.08369088172912598
0.09657764434814453
0.13714313507080078
0.1367499828338623
0.09252619743347168
0.11392807960510254
0.11252284049987793
0.09626173973083496
0.10571599006652832
0.09476351737976074
0.11868715286254883
0.10596251487731934
0.0997309684753418
0.12619733810424805
0.1047966480255127
0.12844276428222656
0.10142874717712402
0.1064605712890625
0.09862041473388672
0.11313700675964355
0.1085960865020752
0.11291003227233887
0.11241388320922852
0.11441922187805176
0.12178444862365723
0.10046982765197754
0.09627509117126465
0.10292434692382812
0.1203148365020752
0.10015606880187988
0.1396939754486084
0.10552287101745605
0.1201627254486084
0.1400754451751709
0.14610767364501953
0.09376287460327148
0.11006307601928711
0.1034536361694336
0.09616923332214355
0.08912110328674316
0.10973715782165527
0.10457754135131836
0.10825729370117188
0.11642932891845703
0.10996365547180176
0.08699989318847656
0.10673165321350098
0.11447000503540039
0.08603191375732422
0.10902118682861328
0.10786271095275879
0.12196803092956543
0.11370992660522461
0.11433672904968262
0.09686064720153809
0.11574530601501465
0.10106897354125977
0.10542511940002441
0.12442445755004883
0.0931246280670166
0.10261392593383789
0.11569094657897949
0.10097908973693848
0.12044954299926758
0.09967279434204102
0.1434316635131836
0.10732483863830566
0.10604739189147949
0.08538103103637695
0.1114950180053711
0.11769843101501465
0.10915637016296387
0.10903263092041016
0.07663941383361816
0.11045432090759277
0.10652422904968262
0.10223865509033203
0.1164541244506836
0.08879280090332031
0.12390732765197754
0.09041547775268555
0.07703876495361328
0.10744810104370117
0.08014869689941406
0.12615656852722168
0.09484410285949707
0.0948944091796875
0.09804511070251465
0.1143045425415039