
0.049846649169921875
5.948082208633423
0.024962425231933594
6.113661050796509
0.19749212265014648
0.5106620788574219
0.09278035163879395
0.021914005279541016
0.018922090530395508
0.020914316177368164
0.02091693878173828
0.02396368980407715
0.023934364318847656
0.022912263870239258
0.03094339370727539
0.020943164825439453
0.03191542625427246
0.023961782455444336
0.028921842575073242
0.021938800811767578
0.028922080993652344
0.030945301055908203
0.022957324981689453
0.03391909599304199
0.024934053421020508
0.020913124084472656
0.025926828384399414
0.026937484741210938
0.018921852111816406
0.021921873092651367
0.024934053421020508
0.026927471160888672
0.024939537048339844
0.030946016311645508
0.02191638946533203
0.02790546417236328
0.019975900650024414
0.024932146072387695
0.02889418601989746
0.03088998794555664
0.022933483123779297
0.023914813995361328
0.025904417037963867
0.020950794219970703
0.03490781784057617
0.0219419002532959
0.02092266082763672
0.019925594329833984
0.025909900665283203
0.030925750732421875
0.02296614646911621
0.03094339370727539
0.030918598175048828
0.028924226760864258
0.027925491333007812
0.018954753875732422
0.0388944149017334
0.03491401672363281
0.016974210739135742
0.021941184997558594
0.018930435180664062
0.04688262939453125
0.03191804885864258
0.027905941009521484
0.030888795852661133
0.01892828941345215
0.02892327308654785
0.024959802627563477
0.031943559646606445
0.05582904815673828
0.025957107543945312
0.0309140682220459
0.026956796646118164
0.023936033248901367
0.020926475524902344
0.025930166244506836
0.021941423416137695
0.021914005279541016
0.030916929244995117
0.03191399574279785
0.01795196533203125
0.02295708656311035
0.027935028076171875
0.020946502685546875
0.02393651008605957
0.019945621490478516
0.03293800354003906
0.026929140090942383
0.025957345962524414
0.031915903091430664
0.02293682098388672
0.019945621490478516
0.030916929244995117
0.02093982696533203
0.025903701782226562
0.021941423416137695
0.02194070816040039
0.0249330997467041
0.01895904541015625
0.02895355224609375
0.022965669631958008
0.022937536239624023
0.024930715560913086
0.02396249771118164
0.027923583984375
0.021942138671875
0.014986276626586914