
0.07040953636169434
0.06270003318786621
0.062277793884277344
0.07632136344909668
0.06600046157836914
0.06484031677246094
0.08214688301086426
0.06587839126586914
0.07041025161743164
0.06310534477233887
0.06567716598510742
0.06129050254821777
0.06349372863769531
0.06285405158996582
0.06843137741088867
0.07653999328613281
0.0659630298614502
0.07219123840332031
0.06404685974121094
0.06021237373352051
0.06007957458496094
0.07362604141235352
0.07426142692565918
0.07702255249023438
0.057498931884765625
0.07899260520935059
0.07499837875366211
0.05556082725524902
0.06923508644104004
0.0592038631439209
0.0638418197631836
0.06484031677246094
0.07979726791381836
0.06603765487670898
0.05799102783203125
0.07514524459838867
0.07571530342102051
0.07262182235717773
0.06195712089538574
0.06918168067932129
0.06899237632751465
0.07139253616333008
0.05069851875305176
0.0714261531829834
0.06570196151733398
0.059288740158081055
0.061302900314331055
0.06585812568664551
0.07152318954467773
0.07663583755493164
0.07533526420593262
0.06415653228759766
0.07946395874023438
0.06762242317199707
0.07279706001281738
0.07445979118347168
0.05687403678894043
0.059793710708618164
0.0605015754699707
0.06725502014160156
0.07749104499816895
0.06990385055541992
0.053591251373291016
0.0716557502746582
0.08192873001098633
0.06288647651672363
0.06896829605102539
0.06346297264099121
0.06769824028015137
0.06359195709228516
0.08193016052246094
0.06307458877563477
0.07309174537658691
0.05253028869628906
0.06451106071472168
0.06783866882324219
0.07176542282104492
0.08036375045776367
0.06832480430603027
0.08580327033996582
0.07153129577636719
0.0797271728515625
0.06199288368225098
0.06148171424865723
0.07922029495239258
0.06898903846740723
0.07312798500061035
0.07510805130004883
0.08095932006835938
0.0669410228729248
0.06567716598510742
0.05578494071960449
0.07855582237243652
0.08611083030700684
0.06472134590148926
0.06501150131225586
0.07677292823791504
0.07860088348388672
0.06455826759338379
0.0594639778137207