0.36302757263183594
0.36602187156677246
0.36701011657714844
0.39394497871398926
0.40491461753845215
0.36536073684692383
0.37302303314208984
0.3780083656311035
0.37198495864868164
0.37898707389831543
0.37003064155578613
0.38496994972229004
0.3800048828125
0.42588043212890625
0.3869636058807373
0.36202502250671387
0.3879404067993164
0.37102580070495605
0.38296937942504883
0.3989248275756836
0.40790891647338867
0.3730013370513916
0.4218709468841553
0.3690054416656494
0.3650233745574951
0.37397313117980957
0.3800008296966553
0.4089219570159912
0.36504244804382324
0.3670368194580078
0.36704444885253906
0.3719916343688965
0.35901808738708496
0.3660414218902588
0.3680148124694824
0.38396453857421875
0.405914306640625
0.3730015754699707
0.35804224014282227
0.37998414039611816
0.36559462547302246
0.36601781845092773
0.38599610328674316
0.39292049407958984
0.3590669631958008
0.3690049648284912
0.38494229316711426
0.365023136138916
0.36901378631591797
0.36400675773620605
0.37998318672180176
0.36901116371154785
0.40394067764282227
0.3919708728790283
0.3750169277191162
0.3789854049682617
0.40691137313842773
0.37601351737976074
0.38197994232177734
0.379910945892334
0.3719980716705322
0.42984867095947266
0.36504220962524414
0.3730008602142334
0.3690156936645508
0.3610258102416992
0.3650217056274414
0.3899495601654053
0.3989269733428955
0.36501598358154297
0.3640258312225342
0.3630545139312744
0.380948543548584
0.37995409965515137
0.36602783203125
0.38401365280151367
0.38992881774902344
0.375964879989624
0.3750159740447998
0.3720252513885498
0.43982458114624023
0.3700108528137207
0.3730013370513916
0.39197254180908203
0.3749964237213135
0.3909578323364258
0.3811502456665039
0.381009578704834
0.3719756603240967
0.3740208148956299
0.3779878616333008
0.39594030380249023
0.39893269538879395
0.36305689811706543
0.3650498390197754
0.4139127731323242
0.3719770908355713
0.3779873847961426
0.37498950958251953
0.3750495910644531