0.039606332778930664
0.04404473304748535
0.03792619705200195
0.03139472007751465
0.03346562385559082
0.03595709800720215
0.03263354301452637
0.03863024711608887
0.03903913497924805
0.04238724708557129
0.04063558578491211
0.03919363021850586
0.04309487342834473
0.036414384841918945
0.03165626525878906
0.04089474678039551
0.0476078987121582
0.04028010368347168
0.03835487365722656
0.03606772422790527
0.03784680366516113
0.04015755653381348
0.03378582000732422
0.043965816497802734
0.045339107513427734
0.03999805450439453
0.042092323303222656
0.034371376037597656
0.03320956230163574
0.03838038444519043
0.032933712005615234
0.04739117622375488
0.04035639762878418
0.04118800163269043
0.03517961502075195
0.031191349029541016
0.04177546501159668
0.03487253189086914
0.03990960121154785
0.03890037536621094
0.03438735008239746
0.036223649978637695
0.04162240028381348
0.03802323341369629
0.03400421142578125
0.04339408874511719
0.03303241729736328
0.03537321090698242
0.04406476020812988
0.04541969299316406
0.04460787773132324
0.032755374908447266
0.02709054946899414
0.042410850524902344
0.03563427925109863
0.03914070129394531
0.03623318672180176
0.04529261589050293
0.04454827308654785
0.03527235984802246
0.036138057708740234
0.040535926818847656
0.0371243953704834
0.03883934020996094
0.038088083267211914
0.03718113899230957
0.0400850772857666
0.04185152053833008
0.0449981689453125
0.033598899841308594
0.039551734924316406
0.03504323959350586
0.0332951545715332
0.04374861717224121
0.03890395164489746
0.03745245933532715
0.03806161880493164
0.046576499938964844
0.04224562644958496
0.044266700744628906
0.04092884063720703
0.038295745849609375
0.03357124328613281
0.0410308837890625
0.04463958740234375
0.0433192253112793
0.0406649112701416
0.039363861083984375
0.033693552017211914
0.04174065589904785
0.038272857666015625
0.03477168083190918
0.03716707229614258
0.04891157150268555
0.029469013214111328
0.0381474494934082
0.032987356185913086
0.03637576103210449
0.03436851501464844
0.043004751205444336
0.02068328857421875
0.02302694320678711
0.02235579490661621
0.023081302642822266
0.02038407325744629
0.023712158203125
0.029158592224121094
0.022121906280517578
0.02420663833618164
0.028339862823486328
0.029150009155273438
0.02262091636657715
0.021646738052368164
0.02300715446472168
0.022571563720703125
0.022989988327026367
0.02556753158569336
0.026545286178588867
0.0217437744140625
0.026070833206176758
0.024698495864868164
0.02027273178100586
0.02094864845275879
0.026326894760131836
0.024344682693481445
0.026147127151489258
0.019148826599121094
0.02340531349182129
0.025023937225341797
0.024027347564697266
0.020720958709716797
0.026997089385986328
0.020312786102294922
0.025533437728881836
0.01920008659362793
0.021179914474487305
0.022520780563354492
0.02687668800354004
0.02662515640258789
0.02432084083557129
0.026874542236328125
0.022540807723999023
0.019609451293945312
0.02787041664123535
0.02518439292907715
0.02267765998840332
0.025862693786621094
0.020587444305419922
0.03128170967102051
0.024548053741455078
0.021108388900756836
0.021003007888793945
0.02040863037109375
0.02297687530517578
0.02389836311340332
0.019437074661254883
0.022055625915527344
0.03054356575012207
0.022701263427734375
0.021453380584716797
0.02366328239440918
0.020790576934814453
0.026417016983032227
0.03318953514099121
0.0235140323638916
0.02463531494140625
0.016363859176635742
0.02816939353942871
0.019031047821044922
0.024840831756591797
0.024292707443237305
0.022463321685791016
0.02317333221435547
0.030709505081176758
0.025173664093017578
0.02205038070678711
0.0214540958404541
0.026422739028930664
0.032521724700927734
0.02642202377319336
0.024229049682617188
0.027663469314575195
0.026516199111938477
0.027773618698120117
0.030912399291992188
0.02478933334350586
0.021921873092651367
0.024274110794067383
0.029850244522094727
0.02184295654296875
0.028546810150146484
0.019789934158325195
0.021518468856811523
0.024173498153686523
0.023334980010986328
0.027603864669799805
0.022428274154663086
0.02210068702697754
0.02785181999206543
0.023046255111694336
