
1.1717076301574707
0.8687896728515625
0.885200023651123
0.891984224319458
0.919623851776123
0.8918704986572266
0.8628635406494141
0.8842535018920898
0.8609986305236816
0.8772780895233154
0.8433418273925781
0.8732180595397949
0.8584187030792236
0.9295387268066406
0.9973342418670654
0.9543259143829346
0.9506227970123291
0.8750705718994141
0.879514217376709
0.8773465156555176
0.8552820682525635
0.8802046775817871
0.8872108459472656
0.8802170753479004
0.9868769645690918
0.9077160358428955
0.8828842639923096
0.8843703269958496
0.8796906471252441
0.8667507171630859
0.8578894138336182
0.9047410488128662
0.8702387809753418
0.9305193424224854
0.8682272434234619
0.8802964687347412
0.8483257293701172
0.8991603851318359
0.8748364448547363
0.8857042789459229
0.9622588157653809
1.0193085670471191
0.8456683158874512
0.8640658855438232
0.8813607692718506
0.8687036037445068
0.8951430320739746
0.9075939655303955
0.8987200260162354
0.9594714641571045
0.9349815845489502
0.8886549472808838
0.9529871940612793
0.8645586967468262
0.8632822036743164
0.9096429347991943
0.8618550300598145
0.8691082000732422
0.8477590084075928
0.8656840324401855
0.8703169822692871
0.858055830001831
0.8942422866821289
0.8597450256347656
0.8767175674438477
0.8618690967559814
0.8587567806243896
0.8404350280761719
0.8593168258666992
0.9046773910522461
0.867753267288208
0.8959658145904541
1.0057437419891357
0.8993208408355713
0.9758987426757812
0.9031970500946045
0.9417390823364258
0.8868107795715332
0.8988199234008789
0.8529715538024902
0.9186186790466309
0.8782563209533691
1.133209228515625
1.004319190979004
0.9779205322265625
0.9644656181335449
0.9575140476226807
0.9773931503295898
0.9722447395324707
0.9495580196380615
0.9863386154174805
1.1519250869750977
0.877753734588623
0.8905022144317627
0.8885791301727295
0.8477311134338379
0.8484940528869629
0.8738532066345215
0.898658037185669
0.8711578845977783
0.9165949821472168
0.8202986717224121
0.852224588394165
0.8442795276641846
0.9241511821746826
0.828784704208374
0.862419843673706
0.8790864944458008
0.92051100730896
0.847759485244751
0.8826785087585449
0.8636894226074219
0.844080924987793
0.8770816326141357
0.8379523754119873
0.8704345226287842
0.8757281303405762
0.8428046703338623
0.8786492347717285
0.8856308460235596
0.8550364971160889
0.8218705654144287
0.8552591800689697
0.8359551429748535
0.8169782161712646
0.8535284996032715
0.8551206588745117
0.8481340408325195
0.9991378784179688
1.044346809387207
0.8672161102294922
0.8776800632476807
0.8562705516815186
0.8318359851837158
0.8437633514404297
0.831986665725708
0.8423850536346436
0.9164450168609619
0.8992986679077148
0.8203809261322021
0.8267648220062256
0.8498184680938721
0.827512264251709
0.8663315773010254
0.8414664268493652
0.8463397026062012
0.8599047660827637
0.8326539993286133
0.8254802227020264
0.8677268028259277
0.8673059940338135
0.8427839279174805
0.8287558555603027
0.8733327388763428
0.8353350162506104
0.8426237106323242
0.942502498626709
0.9567656517028809
0.8228590488433838
0.9898703098297119
0.9167957305908203
0.9464583396911621
0.9245359897613525
0.8438453674316406
0.9113585948944092
0.9365706443786621
0.9133615493774414
1.0471205711364746
0.9149444103240967
1.0008420944213867
0.9362480640411377
1.050116777420044
0.9133665561676025
0.916405200958252
0.8457653522491455
0.9267423152923584
0.8196439743041992
0.9506373405456543
0.9494633674621582
0.9803402423858643
0.8527231216430664
0.8223085403442383
0.840749979019165
0.819671630859375
0.8387608528137207
0.8436551094055176
1.073188304901123
0.8975715637207031
1.0756301879882812
0.8267014026641846
0.8572187423706055
0.8958845138549805
0.8440425395965576
0.8642330169677734
0.8886151313781738
0.9011263847351074
0.8851561546325684
0.8696744441986084
0.8782424926757812
0.8802204132080078