
1.1908340454101562
1.181856393814087
1.1738512516021729
1.1788649559020996
1.193842887878418
1.1768765449523926
1.1758475303649902
1.189835548400879
1.1648902893066406
1.174856185913086
1.1698691844940186
1.1858344078063965
1.1608936786651611
1.172858476638794
1.1948294639587402
1.1808557510375977
1.164902925491333
1.1788749694824219
1.1519389152526855
1.1768500804901123
1.1768426895141602
1.1848516464233398
1.1579015254974365
1.1608929634094238
1.1707870960235596
1.200810432434082
1.1609125137329102
1.3534059524536133
1.1878163814544678
1.1848554611206055
1.2147278785705566
1.21773362159729
1.1798217296600342
1.256638526916504
1.1788651943206787
1.1738784313201904
1.1818320751190186
1.1758556365966797
1.2077717781066895
1.1638846397399902
1.2277140617370605
1.182828664779663
1.2935380935668945
1.2386853694915771
1.258631706237793
1.1648614406585693
1.1708855628967285
1.1958003044128418
1.178846836090088
1.1598963737487793
1.1898255348205566
1.1559064388275146
1.1599154472351074
1.171891212463379
1.1628880500793457
1.1758525371551514
1.1588985919952393
1.1758744716644287
1.174856424331665
1.180861473083496
1.1569240093231201
1.1728639602661133
1.1539132595062256
1.1708672046661377
1.1599032878875732
1.1868431568145752
1.1798629760742188
1.1728622913360596
1.2925422191619873
1.1858465671539307
1.1678762435913086
1.1728546619415283
1.2287118434906006
1.2277145385742188
1.1898365020751953
1.1778478622436523
1.1748547554016113
1.2017841339111328
1.1908025741577148
1.159916877746582
1.1519172191619873
1.1529316902160645
1.1848220825195312
1.170860767364502
1.1668970584869385
1.1748666763305664
1.1758737564086914
1.1579210758209229
1.2038073539733887
1.1818385124206543
1.1728556156158447
1.1539058685302734
1.201805830001831
1.1659107208251953
1.1878221035003662
1.1589086055755615
1.2985317707061768
1.15291428565979
1.181835651397705
1.1848289966583252