
0.025938987731933594
0.027898311614990234
4.832070589065552
0.11070513725280762
0.4757270812988281
0.09375548362731934
0.11073136329650879
0.0787956714630127
0.10474586486816406
0.10868263244628906
0.09177398681640625
0.10971617698669434
0.13661456108093262
0.07582283020019531
0.10773873329162598
0.09574460983276367
0.1196599006652832
0.09776711463928223
0.09075713157653809
0.11671209335327148
0.105743408203125
0.09476733207702637
0.09873533248901367
0.08180809020996094
0.08779358863830566
0.09177589416503906
0.08878874778747559
0.0788109302520752
0.08774495124816895
0.1206507682800293
0.08477330207824707
0.10070395469665527
0.14860963821411133
0.07981562614440918
0.18048715591430664
0.10574603080749512
0.06383419036865234
0.10973620414733887
0.07979440689086914
0.10970592498779297
0.08580398559570312
0.09177565574645996
0.07976198196411133
0.0857696533203125
0.06185555458068848
0.08977937698364258
0.10671448707580566
0.10474061965942383
0.07477831840515137
0.12566423416137695
0.07480216026306152
0.16354036331176758
0.07582211494445801
0.10970616340637207
0.1376323699951172
0.11371588706970215
0.11469101905822754
0.12067675590515137
0.12967228889465332
0.11269831657409668
0.12070369720458984
0.0957651138305664
0.08676528930664062
0.09676218032836914
0.10172748565673828
0.126723051071167
0.09272146224975586
0.09676432609558105
0.09871506690979004
0.08187007904052734
0.08975934982299805
0.14461231231689453
0.1007375717163086
0.11172223091125488
0.07282495498657227
0.09377717971801758
0.08377480506896973
0.16053032875061035
0.1156773567199707
0.11271905899047852
0.14163994789123535
0.08977937698364258
0.08677458763122559
0.16356325149536133
0.10868954658508301
0.05881452560424805
0.10071015357971191
0.09671950340270996
0.08977866172790527
0.08776473999023438
0.11770415306091309
0.08480000495910645
0.10571837425231934
0.1436161994934082
0.10370278358459473
0.08577823638916016
0.11170196533203125
0.0927586555480957
0.07579612731933594
0.08477425575256348
0.12766814231872559
0.11568999290466309
0.1107034683227539
0.09572291374206543
0.15558338165283203
0.09075665473937988