
0.04889512062072754
0.024906158447265625
7.288525342941284
0.1825113296508789
0.47771406173706055
0.07978701591491699
0.14162802696228027
0.09773874282836914
0.16057109832763672
0.20245933532714844
0.2144467830657959
0.14064693450927734
0.1825106143951416
0.15059709548950195
0.15759849548339844
0.20146870613098145
0.18550348281860352
0.10873651504516602
0.20343351364135742
0.21143341064453125
0.12763762474060059
0.1825113296508789
0.1805262565612793
0.13763022422790527
0.08973908424377441
0.18749070167541504
0.21344828605651855
0.18761205673217773
0.13761067390441895
0.2004702091217041
0.19745159149169922
0.1934809684753418
0.13463878631591797
0.13364267349243164
0.14161372184753418
0.14458584785461426
0.13766002655029297
0.14162182807922363
0.19550347328186035
0.11771202087402344
0.17854952812194824
0.20943903923034668
0.2194054126739502
0.18551182746887207
0.27226829528808594
0.28824925422668457
0.16556525230407715
0.12668061256408691
0.18353724479675293
0.1316547393798828
0.11471295356750488
0.16655492782592773
0.13862967491149902
0.1067209243774414
0.10871052742004395
0.1685488224029541
0.1097259521484375
0.14261794090270996
0.13765168190002441
0.18851447105407715
0.17754530906677246
0.11072254180908203
0.20547199249267578
0.1466355323791504
0.18849658966064453
0.13765239715576172
0.17754530906677246
0.15361237525939941
0.13663864135742188
0.2034759521484375
0.2632889747619629
0.22741174697875977
0.16755294799804688
0.0897822380065918
0.16654276847839355
0.13565587997436523
0.17551016807556152
0.21744561195373535
0.19248509407043457
0.13064908981323242
0.16455864906311035
0.18350911140441895
0.1715397834777832
0.12765002250671387
0.19051194190979004
0.25333166122436523
0.17752480506896973
0.1874980926513672
0.12566709518432617
0.18849682807922363
0.11369776725769043
0.14261937141418457
0.14560723304748535
0.15760183334350586
0.1516132354736328
0.13565659523010254
0.19749212265014648
0.1416008472442627
0.1266613006591797
0.15558385848999023
0.18050670623779297
0.13663434982299805
0.19150781631469727
0.10073399543762207
0.1336212158203125
0.1834883689880371