
0.04833507537841797
0.05254077911376953
0.05098772048950195
0.04696393013000488
0.05384016036987305
0.04797768592834473
0.05098271369934082
0.04847407341003418
0.053557395935058594
0.049427032470703125
0.04069662094116211
0.05144238471984863
0.047376155853271484
0.061380863189697266
0.04991960525512695
0.05701279640197754
0.04867434501647949
0.050850629806518555
0.05652451515197754
0.05827212333679199
0.05263209342956543
0.0361788272857666
0.0553126335144043
0.047208309173583984
0.050014495849609375
0.04010367393493652
0.04803609848022461
0.042710065841674805
0.04614686965942383
0.04413199424743652
0.05204319953918457
0.048760414123535156
0.05259871482849121
0.04763984680175781
0.04671359062194824
0.04409933090209961
0.050615549087524414
0.051541805267333984
0.05054068565368652
0.05135011672973633
0.050354957580566406
0.04697990417480469
0.042474985122680664
0.04196000099182129
0.048873186111450195
0.04265403747558594
0.044831037521362305
0.049576520919799805
0.051076650619506836
0.04859733581542969
0.04778337478637695
0.04831814765930176
0.03831791877746582
0.05302834510803223
0.05402660369873047
0.05149579048156738
0.052266836166381836
0.0535585880279541
0.05312609672546387
0.049675703048706055
0.04890894889831543
0.04679059982299805
0.047072410583496094
0.05234384536743164
0.05447125434875488
0.04712986946105957
0.0555882453918457
0.048249244689941406
0.052701473236083984
0.048536062240600586
0.04664134979248047
0.05058860778808594
0.04969334602355957
0.05280804634094238
0.05042243003845215
0.04405665397644043
0.04970216751098633
0.039006948471069336
0.047754526138305664
0.051883697509765625
0.054006099700927734
0.04997897148132324
0.043096303939819336
0.04631948471069336
0.05219602584838867
0.05001711845397949
0.04706621170043945
0.04899001121520996
0.04758810997009277
0.04802989959716797
0.04516768455505371
0.05042266845703125
0.04533195495605469
0.04711103439331055
0.039542198181152344
0.053702354431152344
0.05545353889465332
0.038886308670043945
0.04765462875366211
0.03815436363220215