0.07977652549743652
0.04991436004638672
0.06226491928100586
0.06618237495422363
0.06345415115356445
0.06429171562194824
0.055077552795410156
0.060848236083984375
0.07435798645019531
0.05158209800720215
0.0603938102722168
0.061363935470581055
0.05852627754211426
0.06541562080383301
0.06669783592224121
0.06061744689941406
0.06193399429321289
0.06430339813232422
0.05849456787109375
0.06832456588745117
0.05476188659667969
0.06453347206115723
0.06942868232727051
0.06442928314208984
0.06343412399291992
0.05684256553649902
0.06134986877441406
0.06194424629211426
0.06020069122314453
0.0638284683227539
0.055939674377441406
0.06774020195007324
0.061980485916137695
0.06095623970031738
0.0615079402923584
0.06342554092407227
0.060132503509521484
0.06151437759399414
0.06758999824523926
0.07073616981506348
0.0610198974609375
0.06941413879394531
0.05532670021057129
0.07050776481628418
0.06558895111083984
0.059925079345703125
0.06134176254272461
0.05822467803955078
0.06151008605957031
0.06442689895629883
0.06817436218261719
0.07403063774108887
0.07325863838195801
0.06939101219177246
0.0679619312286377
0.06799888610839844
0.06731081008911133
0.05698204040527344
0.05737948417663574
0.06316089630126953
0.0619962215423584
0.06282377243041992
0.055889129638671875
0.059868812561035156
0.07236433029174805
0.0588071346282959
0.059885263442993164
0.06062030792236328
0.0534818172454834
0.062465667724609375
0.05597805976867676
0.06095004081726074
0.07161116600036621
0.06481313705444336
0.0658562183380127
0.05963850021362305
0.06003165245056152
0.05518150329589844
0.06469202041625977
0.06272435188293457
0.07674217224121094
0.05715060234069824
0.06678175926208496
0.06583285331726074
0.055933475494384766
0.06504034996032715
0.06448221206665039
0.06478261947631836
0.07382869720458984
0.0688478946685791
0.06843805313110352
0.06912684440612793
0.06296157836914062
0.06720113754272461
0.06661844253540039
0.07008600234985352
0.06632852554321289
0.07195377349853516
0.0665731430053711
0.06808090209960938
0.043235063552856445
0.04398703575134277
0.039826154708862305
0.046891212463378906
0.04314875602722168
0.03386235237121582
0.03491997718811035
0.049921512603759766
0.03977799415588379
0.039819955825805664
0.04593634605407715
0.04289412498474121
0.03904604911804199
0.048128366470336914
0.03997325897216797
0.041730642318725586
0.039946556091308594
0.040641069412231445
0.03967714309692383
0.04152965545654297
0.0365602970123291
0.03708195686340332
0.03712964057922363
0.0458521842956543
0.041974544525146484
0.033673763275146484
0.04485201835632324
0.046083927154541016
0.03676557540893555
0.039793968200683594
0.04175400733947754
0.03488564491271973
0.038843393325805664
0.042206525802612305
0.04077029228210449
0.045435428619384766
0.0407259464263916
0.04332232475280762
0.038164615631103516
0.049649953842163086
0.04884982109069824
0.04944658279418945
0.05068659782409668
0.04472160339355469
0.045697689056396484
0.044210195541381836
0.03970789909362793
0.04058480262756348
0.038886070251464844
0.042522430419921875
0.04866433143615723
0.04810667037963867
0.03695321083068848
0.04200410842895508
0.04155588150024414
0.04725980758666992
0.04123568534851074
0.04050469398498535
0.03757190704345703
0.04117393493652344
0.040239810943603516
0.04305219650268555
0.03718161582946777
0.04095125198364258
0.04975128173828125
0.04434990882873535
0.0464625358581543
0.041400909423828125
0.04210805892944336
0.05069994926452637
0.03951311111450195
0.04887127876281738
0.03686642646789551
0.03883624076843262
0.045528411865234375
0.04225516319274902
0.04744744300842285
0.05063962936401367
0.0408778190612793
0.04687929153442383
0.04331684112548828
0.04701042175292969
0.037021636962890625
0.04638552665710449
0.03717327117919922
0.04100990295410156
0.0428617000579834
0.04819965362548828
0.04646873474121094
0.03395199775695801
0.045047760009765625
0.04830789566040039
0.04770922660827637
0.041651248931884766
0.04254508018493652
0.051656484603881836
0.048835039138793945
0.040679216384887695
0.03747749328613281
0.040696144104003906
