
0.08964300155639648
0.08104658126831055
0.09659934043884277
0.09723186492919922
0.08905696868896484
0.10652303695678711
0.08933138847351074
0.10374212265014648
0.09606480598449707
0.08916354179382324
0.09593605995178223
0.10408949851989746
0.09609699249267578
0.08781194686889648
0.09528756141662598
0.09381461143493652
0.10054516792297363
0.09682965278625488
0.09709620475769043
0.0888669490814209
0.09666872024536133
0.08136129379272461
0.09546637535095215
0.11327219009399414
0.09235239028930664
0.10019636154174805
0.08331155776977539
0.09109878540039062
0.0911104679107666
0.0916588306427002
0.09442615509033203
0.09072494506835938
0.09300565719604492
0.1006476879119873
0.08939719200134277
0.09285259246826172
0.09050536155700684
0.09746479988098145
0.08128237724304199
0.09039711952209473
0.09923887252807617
0.09495806694030762
0.08341813087463379
0.09292483329772949
0.0897836685180664
0.09527254104614258
0.09484744071960449
0.09416770935058594
0.10030770301818848
0.09786248207092285
0.09101223945617676
0.09822940826416016
0.08861422538757324
0.09462141990661621
0.10734438896179199
0.09013748168945312
0.09090709686279297
0.0962975025177002
0.10042881965637207
0.10104060173034668
0.10068893432617188
0.09100937843322754
0.08199548721313477
0.08921289443969727
0.10450530052185059
0.08570528030395508
0.1020972728729248
0.0951378345489502
0.11003589630126953
0.09437036514282227
0.09183073043823242
0.10075712203979492
0.1138753890991211
0.0999135971069336
0.09698605537414551
0.11493325233459473
0.10814404487609863
0.08749628067016602
0.0876467227935791
0.08590054512023926
0.09305644035339355
0.09381794929504395
0.1019291877746582
0.08940768241882324
0.08839726448059082
0.09244871139526367
0.09631156921386719
0.11040949821472168
0.08806681632995605
0.09149813652038574
0.09858942031860352
0.08719754219055176
0.0841071605682373
0.11154675483703613
0.10295557975769043
0.10060262680053711
0.10014772415161133
0.0961751937866211
0.09795165061950684
0.08757400512695312