
1.1379547119140625
1.139970302581787
1.1589069366455078
1.1618921756744385
1.1598894596099854
1.1300597190856934
1.169895887374878
1.1309986114501953
1.1269843578338623
1.1269755363464355
1.1698904037475586
1.136976957321167
1.1399505138397217
1.1618871688842773
1.1718716621398926
1.2137794494628906
1.1429615020751953
1.1858282089233398
1.1519367694854736
1.139970064163208
1.184821605682373
1.1399495601654053
1.1439387798309326
1.1329679489135742
1.1917903423309326
1.1319701671600342
1.1499431133270264
1.5169415473937988
1.1728920936584473
1.1619198322296143
1.1708674430847168
1.1688804626464844
1.1419658660888672
1.1280012130737305
1.1678740978240967
1.1299757957458496
1.2446775436401367
1.1349854469299316
1.1549088954925537
1.1648824214935303
1.162889003753662
1.1230015754699707
1.2546417713165283
1.2486577033996582
1.2576136589050293
1.1399500370025635
1.1289987564086914
1.162914514541626
1.1399683952331543
1.1539030075073242
1.14994215965271
1.168879508972168
1.1569042205810547
1.1858360767364502
1.168837308883667
1.1798350811004639
1.1588702201843262
1.1329660415649414
1.1289787292480469
1.1369655132293701
1.1349818706512451
1.1519243717193604
1.1379754543304443
1.1279821395874023
1.1648852825164795
1.1269848346710205
1.1589186191558838
1.1589195728302002
1.1708827018737793
1.1329751014709473
1.1309795379638672
1.1499524116516113
1.1379766464233398
1.1289820671081543
1.2287321090698242
1.1399428844451904
1.1439399719238281
1.1299962997436523
1.2815699577331543
1.1888184547424316
1.1638848781585693
1.1549081802368164
1.1479551792144775
1.1728928089141846
1.1818299293518066
1.1429417133331299
1.1419711112976074
1.141944169998169
1.1918308734893799
1.1399693489074707
1.1319987773895264
1.242676019668579
1.1469340324401855
1.1379830837249756
1.1359524726867676
1.1908204555511475
1.1688921451568604
1.1319904327392578
1.1668977737426758
1.181837558746338