
1.0073559284210205
1.0617039203643799
0.910097599029541
0.9388959407806396
0.9195444583892822
0.950232982635498
0.9136149883270264
0.9361681938171387
0.91229248046875
0.9200725555419922
0.8983159065246582
0.9385952949523926
0.913557767868042
0.9328446388244629
0.9873809814453125
0.979426383972168
0.951157808303833
0.9544613361358643
0.9260456562042236
0.8925962448120117
0.909670352935791
0.9273996353149414
0.9412825107574463
0.9411532878875732
1.2357258796691895
0.9370753765106201
0.9505095481872559
0.9420661926269531
0.9065916538238525
0.9256119728088379
0.9188628196716309
0.9307284355163574
1.013289213180542
0.967475175857544
0.9101314544677734
0.9775738716125488
0.909121036529541
0.9093759059906006
0.925238847732544
1.0223267078399658
1.025291919708252
1.1255066394805908
0.9199178218841553
0.8918516635894775
0.9405303001403809
1.011021614074707
0.9343345165252686
0.938870906829834
0.9403021335601807
0.9317803382873535
1.113887071609497
0.9357254505157471
0.9549546241760254
0.9157357215881348
0.9231674671173096
0.92787766456604
0.9360184669494629
0.9549729824066162
0.877164363861084
0.9157519340515137
0.8972532749176025
0.8886163234710693
0.9242541790008545
0.9179737567901611
0.8836216926574707
0.8941307067871094
0.9032011032104492
0.885857105255127
0.9122974872589111
0.9153692722320557
0.9316141605377197
0.9406189918518066
0.9538512229919434
0.9652078151702881
0.9120631217956543
0.9165465831756592
0.9040923118591309
0.898597002029419
0.9432930946350098
0.9336190223693848
0.925424337387085
0.9480037689208984
1.156911849975586
1.0200316905975342
0.9802713394165039
1.0469563007354736
1.0217783451080322
1.0568017959594727
0.9822568893432617
1.0602035522460938
1.214371919631958
0.9315247535705566
1.017784833908081
0.9667646884918213
0.8971436023712158
0.9297525882720947
0.9061574935913086
0.9012832641601562
0.9475808143615723
0.9204709529876709
0.8758981227874756
0.8845434188842773
0.8477048873901367
0.9142618179321289
0.8616161346435547
0.8581717014312744
0.8855412006378174
0.8632385730743408
0.8743791580200195
0.8861339092254639
0.9115762710571289
0.8861689567565918
0.9496924877166748
0.8976447582244873
0.8916487693786621
0.8995964527130127
0.8846499919891357
0.8966057300567627
0.9105689525604248
0.9120998382568359
0.8743884563446045
0.8682670593261719
0.8647122383117676
0.8467285633087158
0.8757212162017822
0.8922431468963623
0.8951170444488525
0.9016051292419434
1.0483448505401611
0.9421083927154541
0.925560474395752
0.8991093635559082
0.9330935478210449
0.8703610897064209
0.8670656681060791
0.8682734966278076
0.8656113147735596
0.8686795234680176
0.8872253894805908
0.8630781173706055
0.8818151950836182
0.8735756874084473
0.8772225379943848
0.8630552291870117
0.8846912384033203
0.896460771560669
0.8477783203125
0.865105390548706
0.8633255958557129
0.8667507171630859
0.8534314632415771
0.8563177585601807
0.8791842460632324
0.8554558753967285
0.8883669376373291
0.8662400245666504
0.9504561424255371
0.9131004810333252
0.9366941452026367
0.9689640998840332
0.9619662761688232
0.9514989852905273
0.9525072574615479
0.8497285842895508
0.9863455295562744
0.9639768600463867
1.1614277362823486
1.0383870601654053
1.025439739227295
0.9497387409210205
1.0066819190979004
0.9871203899383545
0.995898962020874
0.9801175594329834
0.884674072265625
1.0841469764709473
0.8992080688476562
1.065434217453003
1.0128319263458252
1.0233182907104492
0.8493804931640625
0.8752269744873047
0.8461451530456543
0.8765830993652344
0.8792142868041992
0.902850866317749
1.1010570526123047
0.9814050197601318
0.9424517154693604
0.9046323299407959
0.8861327171325684
0.8826441764831543
0.8535404205322266
0.8887803554534912
0.8914775848388672
0.9059927463531494
0.9200477600097656
0.8906476497650146
0.8897006511688232
0.8941779136657715