
1.1279537677764893
1.1110479831695557
1.102057933807373
1.1050429344177246
1.0930860042572021
1.108034372329712
1.0850887298583984
1.09806227684021
1.1020514965057373
1.0940990447998047
1.1080458164215088
1.1100292205810547
1.0900835990905762
1.0900835990905762
1.094099521636963
1.1050727367401123
1.1210010051727295
1.122992753982544
1.0781362056732178
1.1000773906707764
1.0920779705047607
1.0811266899108887
1.0860886573791504
1.0771377086639404
1.2955632209777832
1.0930750370025635
1.0930685997009277
1.155909776687622
1.14892578125
1.1329948902130127
1.0870921611785889
1.0920703411102295
1.0880789756774902
1.1020584106445312
1.1250100135803223
1.0930793285369873
1.1180295944213867
1.141937017440796
1.0881154537200928
1.0771369934082031
1.104072093963623
1.1419246196746826
1.146930456161499
1.1389546394348145
1.1987907886505127
1.0831022262573242
1.0870635509490967
1.085087537765503
1.0890765190124512
1.0870928764343262
1.0970914363861084
1.2666220664978027
1.0860943794250488
1.0781145095825195
1.0870845317840576
1.0880727767944336
1.0811073780059814
1.140949010848999
1.1050395965576172
1.0871198177337646
1.0830917358398438
1.1160345077514648
1.087083101272583
1.0821056365966797
1.1199944019317627
1.0980610847473145
1.0840890407562256
1.0950915813446045
1.106036901473999
1.1120264530181885
1.079092025756836
1.1329677104949951
1.0901031494140625
1.1020550727844238
1.0880889892578125
1.1050701141357422
1.090104103088379
1.0781140327453613
1.1100506782531738
1.0860941410064697
1.1050426959991455
1.0841193199157715
1.0890860557556152
1.085150957107544
1.08609938621521
1.1429414749145508
1.0761139392852783
1.0950887203216553
1.090104341506958
1.120997667312622
1.0880887508392334
1.1020705699920654
1.1150362491607666
1.0821051597595215
1.0840985774993896
1.100076675415039
1.0940959453582764
1.10007643699646
1.100245714187622
1.1319983005523682