
0.9744153022766113
0.9042747020721436
0.8412587642669678
0.8336217403411865
0.8532290458679199
0.8526656627655029
0.8183803558349609
0.8303213119506836
0.8541498184204102
0.8516654968261719
0.8431274890899658
0.841017484664917
0.843376636505127
0.8542318344116211
0.8748230934143066
0.8442583084106445
0.878187894821167
0.8486566543579102
0.832594633102417
0.8463253974914551
0.8367853164672852
0.828932523727417
0.8180325031280518
0.8377633094787598
0.9333136081695557
0.9624249935150146
0.8861348628997803
0.8404452800750732
0.8573474884033203
0.8841321468353271
0.9036381244659424
0.8522002696990967
0.8408927917480469
0.8199701309204102
0.8149657249450684
0.8430850505828857
0.833101749420166
0.8215854167938232
0.8324496746063232
0.8712418079376221
0.8357839584350586
1.078145980834961
0.8339381217956543
0.8178377151489258
0.8268513679504395
0.823357105255127
0.8740649223327637
0.8592965602874756
0.8984506130218506
0.8459100723266602
0.8483588695526123
0.8158440589904785
0.8596773147583008
0.8692100048065186
0.8247020244598389
0.8702435493469238
0.871152400970459
0.8583455085754395
0.8332781791687012
0.845283031463623
0.8541724681854248
0.8272697925567627
0.8927102088928223
0.8285059928894043
0.8322544097900391
0.80521559715271
0.9031376838684082
0.8113970756530762
0.8060684204101562
0.8740546703338623
0.8342776298522949
0.864940881729126
0.870990514755249
0.8510191440582275
0.8766412734985352
0.8756551742553711
0.919680118560791
0.8247542381286621
0.8447978496551514
0.8129162788391113
0.8930950164794922
0.8193812370300293
0.958981990814209
0.9867124557495117
0.9177470207214355
0.9157054424285889
0.973923921585083
0.9032838344573975
0.9479231834411621
0.8811674118041992
1.1430652141571045
0.8758499622344971
0.8690752983093262
0.8438766002655029
0.8096063137054443
0.8288695812225342
0.8334763050079346
0.8193585872650146
0.8666443824768066
0.8158483505249023
0.9785022735595703
0.7885239124298096
0.8018550872802734
0.8188083171844482
0.8229117393493652
0.8398025035858154
0.8008983135223389
0.8299016952514648
1.0001568794250488
0.8389496803283691
0.8128097057342529
0.8344533443450928
0.8278191089630127
0.824901819229126
0.8506834506988525
0.8423433303833008
0.8147950172424316
0.8537147045135498
0.8233315944671631
0.8307087421417236
0.8133530616760254
0.8165788650512695
0.8125772476196289
0.7953519821166992
0.8010776042938232
0.8190548419952393
0.8502073287963867
0.8627448081970215
0.947972297668457
0.9659860134124756
0.8552906513214111
0.8337981700897217
0.814563512802124
0.8060917854309082
0.8367114067077637
0.801640510559082
0.7887721061706543
0.8044757843017578
0.7940247058868408
0.8100173473358154
0.7978663444519043
0.8158471584320068
0.8054695129394531
0.8028945922851562
0.8089809417724609
0.9330794811248779
0.8027396202087402
0.8348958492279053
0.8077652454376221
0.8367886543273926
0.7995445728302002
0.7965044975280762
0.8033552169799805
0.8114821910858154
0.8320200443267822
0.7944691181182861
0.8994748592376709
0.8696215152740479
0.8074367046356201
0.9843997955322266
0.9940016269683838
0.9664678573608398
0.9429872035980225
0.8424830436706543
0.9011175632476807
0.8866338729858398
0.8961548805236816
0.9385223388671875
0.9158029556274414
0.8951218128204346
0.932532787322998
0.8972675800323486
0.9025874137878418
0.8876397609710693
0.9444718360900879
0.812340497970581
0.818798303604126
0.9155781269073486
0.9435021877288818
0.9230341911315918
0.8068711757659912
0.7877838611602783
0.7805345058441162
0.8475015163421631
0.8089673519134521
0.8039124011993408
0.8243207931518555
0.9225654602050781
1.7364351749420166
0.8353688716888428
0.7908263206481934
0.8238859176635742
0.8034627437591553
0.8000493049621582
0.8418192863464355
0.8232724666595459
0.8557391166687012
0.8527257442474365
0.8296372890472412
0.8602442741394043