
1.0099501609802246
0.939021110534668
0.8298568725585938
0.916412353515625
0.8477354049682617
0.8071424961090088
0.79404616355896
0.8517234325408936
0.8447699546813965
0.8262975215911865
0.8571088314056396
0.8192434310913086
0.7916178703308105
0.8575265407562256
0.8664522171020508
0.8243341445922852
0.8506324291229248
0.863684892654419
0.908646821975708
0.8085017204284668
0.8218514919281006
0.8965802192687988
0.7910144329071045
0.8208162784576416
0.8920550346374512
0.8907248973846436
0.8146891593933105
0.8093705177307129
0.8138210773468018
0.82979416847229
0.8213112354278564
0.8163585662841797
0.8101050853729248
0.8219668865203857
0.8238887786865234
0.8103442192077637
0.8499312400817871
0.8109230995178223
0.9066052436828613
0.8028509616851807
0.8194894790649414
1.0983021259307861
0.8114573955535889
0.8036777973175049
0.7880301475524902
0.8027136325836182
0.8244400024414062
0.8446395397186279
0.842292308807373
0.8729763031005859
0.8197755813598633
0.8149394989013672
0.8336186408996582
0.8076901435852051
0.8140890598297119
0.823939323425293
0.8213291168212891
0.820392370223999
0.7977931499481201
0.8143513202667236
0.8028934001922607
0.8187687397003174
0.8652005195617676
0.8623270988464355
0.8342342376708984
0.8057780265808105
0.8552136421203613
0.8540503978729248
0.8394148349761963
0.8148229122161865
0.8402271270751953
0.8432567119598389
0.8435611724853516
0.8273029327392578
0.8233392238616943
0.832679033279419
0.870154857635498
0.7926754951477051
0.8202364444732666
0.7998940944671631
0.8767647743225098
0.8991262912750244
0.9185726642608643
1.4032299518585205
0.9099290370941162
0.8936090469360352
0.8826322555541992
0.9006314277648926
0.8956451416015625
0.889162540435791
0.909076452255249
0.8731720447540283
0.8138837814331055
0.8285090923309326
0.9346380233764648
0.8291196823120117
0.821648120880127
0.8250827789306641
0.8009238243103027
0.7996056079864502
0.9003763198852539
0.7841143608093262
0.8747842311859131
0.7858524322509766
0.823798418045044
0.8019804954528809
0.7794082164764404
0.8083465099334717
0.8079690933227539
0.7988574504852295
0.8168411254882812
0.7864236831665039
0.8317193984985352
0.8423104286193848
0.8222861289978027
0.8068420886993408
0.8540604114532471
0.8223280906677246
0.8470926284790039
0.8500950336456299
0.8517374992370605
0.7914173603057861
0.7774648666381836
0.8093676567077637
0.7809731960296631
0.7924258708953857
0.8337986469268799
0.803926944732666
0.8476777076721191
0.9806671142578125
0.8805997371673584
0.8273768424987793
0.7839710712432861
0.8126077651977539
0.7988908290863037
0.7754311561584473
0.82303786277771
0.7844414710998535
0.791846513748169
0.7820324897766113
0.8097696304321289
0.8055469989776611
0.7630553245544434
0.8044130802154541
0.7859127521514893
0.8831746578216553
0.8069486618041992
0.7957878112792969
0.7791543006896973
0.8069782257080078
0.7933206558227539
0.9348645210266113
0.786001443862915
0.8138232231140137
0.7999060153961182
0.7749910354614258
1.0581881999969482
0.9160585403442383
0.7985231876373291
0.8731780052185059
0.8467345237731934
0.8958406448364258
1.0288329124450684
0.8487358093261719
0.9429931640625
0.8627591133117676
1.0306158065795898
0.8711802959442139
0.9823591709136963
0.8767385482788086
0.9664130210876465
0.8930466175079346
0.9741215705871582
0.8622860908508301
0.9995396137237549
0.7801058292388916
0.8139369487762451
0.9682860374450684
0.8687248229980469
0.8995814323425293
0.8927257061004639
0.8011839389801025
0.7642900943756104
0.7715284824371338
0.7869949340820312
0.8439722061157227
0.8297882080078125
0.9211921691894531
0.8310649394989014
0.7739286422729492
0.7839596271514893
0.7954356670379639
0.8000285625457764
0.7884833812713623
0.8064413070678711
0.7957763671875
0.8097653388977051
0.8083350658416748
0.816352128982544
0.8218727111816406