
1.1429612636566162
1.1608989238739014
1.1479475498199463
1.1379945278167725
1.162916660308838
1.1529359817504883
1.1588990688323975
1.1389548778533936
1.1768689155578613
1.2008156776428223
1.220733880996704
1.1459603309631348
1.1649043560028076
1.158909559249878
1.1538915634155273
1.128978967666626
1.2147495746612549
1.1469314098358154
1.1379551887512207
1.1598949432373047
1.1200318336486816
1.1489460468292236
1.198796033859253
1.1549303531646729
1.1858205795288086
1.1180088520050049
1.1907927989959717
1.4770476818084717
1.1668775081634521
1.1479289531707764
1.1798417568206787
1.2476806640625
1.1688520908355713
1.1509003639221191
1.1200027465820312
1.1639060974121094
1.1629087924957275
1.147928237915039
1.1509418487548828
1.1469244956970215
1.1240136623382568
1.1499228477478027
1.2725930213928223
1.2536470890045166
1.1908397674560547
1.1259875297546387
1.1489453315734863
1.1429407596588135
1.1299757957458496
1.134962558746338
1.1529216766357422
1.1788363456726074
1.1409664154052734
1.1738591194152832
1.1259799003601074
1.1280019283294678
1.1409430503845215
1.2486605644226074
1.1329681873321533
1.1349835395812988
1.1638860702514648
1.1718642711639404
1.1618881225585938
1.1628782749176025
1.1539325714111328
1.1579015254974365
1.137434720993042
1.155886173248291
1.1379549503326416
1.1589183807373047
1.1848289966583252
1.119025707244873
1.1329874992370605
1.1459262371063232
1.1269843578338623
1.1280090808868408
1.1539382934570312
1.1638846397399902
1.1578724384307861
1.130995512008667
1.1339857578277588
1.1409461498260498
1.1339659690856934
1.1898090839385986
1.1539192199707031
1.1519110202789307
1.1339664459228516
1.1659009456634521
1.1379613876342773
1.1568984985351562
1.137929916381836
1.2357008457183838
1.1519174575805664
1.1579208374023438
1.1489453315734863
1.1519384384155273
1.217712163925171
1.1788649559020996
1.2027740478515625
1.129873514175415