
1.03975510597229
0.9216940402984619
0.9006614685058594
0.8771765232086182
0.9126472473144531
0.9053134918212891
0.8779232501983643
0.8941960334777832
0.9150686264038086
0.8886210918426514
0.9091355800628662
0.8858346939086914
0.9200093746185303
0.9364943504333496
0.9260709285736084
0.9111464023590088
0.9868669509887695
0.9182682037353516
0.9058477878570557
0.9336278438568115
0.9113419055938721
0.92655348777771
0.8896148204803467
0.9414253234863281
1.0197842121124268
1.0867061614990234
0.8935468196868896
0.930213451385498
0.905587911605835
0.9141719341278076
0.9160575866699219
0.9046080112457275
0.8739721775054932
0.9086813926696777
0.9354002475738525
0.8887598514556885
0.8988945484161377
0.9032118320465088
0.879673957824707
0.8623046875
0.9454965591430664
1.0499496459960938
0.877680778503418
0.8828434944152832
0.8999648094177246
0.9740386009216309
0.9544095993041992
0.9195599555969238
0.921018123626709
0.942986011505127
1.0078630447387695
0.9080846309661865
0.8976972103118896
0.8856637477874756
0.8830244541168213
0.9494431018829346
0.9077422618865967
0.8997457027435303
0.8902523517608643
0.8700158596038818
0.9205710887908936
0.8821454048156738
0.928640604019165
0.9160094261169434
0.8997220993041992
0.8631134033203125
0.9026679992675781
0.865006685256958
0.9295551776885986
0.9397387504577637
0.9424984455108643
0.9205858707427979
0.9859061241149902
0.9076590538024902
0.8945305347442627
0.9160821437835693
0.893643856048584
0.8724377155303955
0.878122091293335
0.8771722316741943
0.8905248641967773
0.9201352596282959
1.0307786464691162
0.9744255542755127
0.9699783325195312
1.0104343891143799
0.9595248699188232
1.019667387008667
0.9893765449523926
1.0391387939453125
0.9829401969909668
0.8852910995483398
0.9877784252166748
0.9342041015625
0.8906993865966797
0.8699986934661865
0.870389461517334
0.8766872882843018
0.8950405120849609
0.8937227725982666
0.8901956081390381
0.8616945743560791
0.8471469879150391
0.8293194770812988
0.8658027648925781
0.8494973182678223
0.8524816036224365
0.8676807880401611
0.8816840648651123
0.876704216003418
0.8990795612335205
0.9283206462860107
0.9093866348266602
0.8667018413543701
0.89579176902771
0.8621697425842285
0.8893768787384033
0.8699440956115723
0.9116334915161133
0.8898115158081055
0.9046037197113037
0.8552517890930176
0.8763117790222168
0.810046911239624
0.8722336292266846
0.8580670356750488
0.9133174419403076
0.8618974685668945
0.9778900146484375
0.9044764041900635
0.8793697357177734
0.8662075996398926
0.8995048999786377
0.8582978248596191
0.8377859592437744
0.8293778896331787
0.8362166881561279
0.8467216491699219
0.847296953201294
0.8553297519683838
0.8125345706939697
0.8420884609222412
0.845414400100708
0.8912792205810547
0.8287792205810547
0.8412916660308838
0.8391003608703613
0.8408260345458984
0.8278813362121582
0.8818120956420898
0.8248188495635986
0.8423125743865967
0.8221282958984375
0.8288836479187012
0.8347663879394531
0.8668172359466553
0.9234974384307861
0.9654619693756104
0.8475115299224854
1.0653326511383057
0.9465079307556152
0.9584600925445557
0.9595315456390381
0.8562986850738525
0.9115827083587646
0.9549808502197266
0.9368321895599365
0.9615216255187988
0.9778940677642822
0.948763370513916
0.921194314956665
0.9507124423980713
0.9838993549346924
0.9170594215393066
0.8353884220123291
1.0020136833190918
0.8572738170623779
0.9978806972503662
0.9753215312957764
1.0747292041778564
0.8359744548797607
0.8687748908996582
0.8383083343505859
0.8475549221038818
0.8580093383789062
0.9031209945678711
1.060164213180542
0.9689009189605713
1.00457763671875
0.8377590179443359
0.8268821239471436
0.8893849849700928
0.8353285789489746
0.8575246334075928
0.8387444019317627
0.8565866947174072
0.8766162395477295
0.8786463737487793
0.8897368907928467
0.8640570640563965