
1.2806036472320557
1.212754726409912
1.2197282314300537
1.2217090129852295
1.2187306880950928
1.2386853694915771
1.2456367015838623
1.1798224449157715
1.2028021812438965
1.206770658493042
1.2326948642730713
1.194803237915039
1.2536327838897705
1.215740442276001
1.1908068656921387
1.1987934112548828
1.219742774963379
1.180600643157959
1.2386655807495117
1.2107529640197754
1.2297139167785645
1.2107884883880615
1.2207255363464355
1.2317230701446533
1.196770191192627
1.2038753032684326
1.346428632736206
1.2536256313323975
1.2376878261566162
1.253645658493042
1.3294434547424316
1.2526674270629883
1.1958210468292236
1.257615089416504
1.196798324584961
1.2087202072143555
1.1777753829956055
1.2237277030944824
1.1908140182495117
1.1976115703582764
1.2287344932556152
1.2117366790771484
1.2287356853485107
1.194807767868042
1.2167646884918213
1.2277419567108154
1.226717233657837
1.2037792205810547
1.2506470680236816
1.1908347606658936
1.234696388244629
1.2237253189086914
1.2446691989898682
1.1808404922485352
1.213740587234497
1.2207534313201904
1.2377099990844727
1.1987886428833008
1.2397058010101318
1.234715223312378
1.2317109107971191
1.207895040512085
1.238685131072998
1.2037990093231201
1.2307331562042236
1.2037978172302246
1.283585786819458
1.2287144660949707
1.1897964477539062
1.189795970916748
1.1958191394805908
1.2137343883514404
1.1918399333953857
1.1718909740447998
1.4115238189697266
1.240708589553833
1.2067785263061523
1.1987850666046143
1.2118089199066162
1.2337257862091064
1.2067928314208984
1.2047688961029053
1.2327024936676025
1.223726511001587
1.1858277320861816
1.2237448692321777
1.2107398509979248
1.243699550628662
1.199812889099121
1.2317044734954834
1.212754726409912
1.2207238674163818
1.2067718505859375
1.2147479057312012
1.2097694873809814
1.2187113761901855
1.2048070430755615
1.2217504978179932
1.2067437171936035
1.1948235034942627