
0.7350037097930908
0.7409877777099609
0.7280740737915039
0.7540020942687988
0.7789146900177002
0.7490220069885254
0.726097822189331
0.7430136203765869
0.8008832931518555
0.7240915298461914
0.7839095592498779
0.7200806140899658
0.7500143051147461
0.777937650680542
0.7639286518096924
0.7210507392883301
0.7330572605133057
0.740013837814331
0.7171082496643066
0.7340571880340576
0.7240686416625977
0.7784163951873779
0.727027177810669
0.7390234470367432
0.7769284248352051
0.7430315017700195
0.7370035648345947
0.7190773487091064
0.7858965396881104
0.752983808517456
0.7400188446044922
0.7420139312744141
0.7479782104492188
0.7230865955352783
0.7300760746002197
0.749992847442627
0.7669670581817627
0.727074146270752
0.7530126571655273
0.7280313968658447
0.7479987144470215
0.7190556526184082
0.7140874862670898
0.7529816627502441
0.7429907321929932
0.7270538806915283
0.7469933032989502
0.7849433422088623
0.7240684032440186
0.7619757652282715
0.71588134765625
0.7210490703582764
0.7350132465362549
0.7320611476898193
0.7939040660858154
0.7071080207824707
0.7150945663452148
0.7240610122680664
0.734036922454834
0.7160835266113281
0.7629585266113281
0.7200729846954346
0.7579715251922607
0.7456264495849609
0.7260565757751465
0.7500076293945312
0.7170813083648682
0.7390642166137695
0.7270536422729492
0.7569935321807861
0.7181000709533691
0.7350320816040039
0.7330319881439209
0.7240691184997559
0.7220604419708252
0.7420153617858887
0.7251734733581543
0.775916576385498
0.7258954048156738
0.7639575004577637
0.746910572052002
0.7130992412567139
0.7160842418670654
0.7529909610748291
0.7220480442047119
0.7220757007598877
0.7130985260009766
0.7240817546844482
0.730067253112793
0.7260663509368896
0.727074384689331
0.7659504413604736
0.7549788951873779
0.7430100440979004
0.7280447483062744
0.747997522354126
0.8018755912780762
0.7280409336090088
0.7390217781066895
0.7649800777435303