
1.2386910915374756
1.180860996246338
1.194810390472412
1.2317883968353271
1.2027809619903564
1.1948225498199463
1.1808507442474365
1.2147424221038818
1.2037885189056396
1.1868243217468262
1.172888994216919
1.2347166538238525
1.1549296379089355
1.1878478527069092
1.216752052307129
1.2506322860717773
1.1997888088226318
1.1858267784118652
1.1977877616882324
1.1579008102416992
1.1659064292907715
1.2057735919952393
1.2398262023925781
1.182861566543579
1.186845064163208
1.1887755393981934
1.1768395900726318
1.2007358074188232
1.2725958824157715
1.2356932163238525
1.2416760921478271
1.16520094871521
1.1768507957458496
1.1838226318359375
1.260605812072754
1.1778571605682373
1.181837558746338
1.2087926864624023
1.2147486209869385
1.2067968845367432
1.1788456439971924
1.1890153884887695
1.1798226833343506
1.2436721324920654
1.2406508922576904
1.1808207035064697
1.1728336811065674
1.1668734550476074
1.2058000564575195
1.1728408336639404
1.1618895530700684
1.1878437995910645
1.1998176574707031
1.1618826389312744
1.1788718700408936
1.2007932662963867
1.1748559474945068
1.1918301582336426
1.1758549213409424
1.213747262954712
1.1798527240753174
1.1858537197113037
1.2017838954925537
1.2197093963623047
1.2037782669067383
1.1878211498260498
1.2277157306671143
1.2287330627441406
1.215745449066162
1.1788663864135742
1.2147183418273926
1.19779372215271
1.180832862854004
1.1898441314697266
1.1978936195373535
1.1748473644256592
1.19679856300354
1.176877498626709
1.165879249572754
1.1648638248443604
1.1958014965057373
1.2366981506347656
1.175872564315796
1.1762213706970215
1.1858220100402832
1.2107882499694824
1.1698696613311768
1.1838314533233643
1.1978163719177246
1.1888091564178467
1.2017841339111328
1.2227284908294678
1.263617992401123
1.1798725128173828
1.1958215236663818
1.1688790321350098
1.2656128406524658
1.2027535438537598
1.205773115158081
1.2066729068756104