
1.1379542350769043
1.1489191055297852
1.1329617500305176
1.1538918018341064
1.173886775970459
1.1359868049621582
1.1718459129333496
1.2147622108459473
1.1404833793640137
1.1608867645263672
1.1848092079162598
1.1469106674194336
1.167853832244873
1.155888557434082
1.1628878116607666
1.1449551582336426
1.1728620529174805
1.1469590663909912
1.1868243217468262
1.1349711418151855
1.1519184112548828
1.1768505573272705
1.1758832931518555
1.1538920402526855
1.1888189315795898
1.1768574714660645
1.1658320426940918
1.1389515399932861
1.206770658493042
1.2297096252441406
1.2137517929077148
1.1229887008666992
1.1828351020812988
1.1758811473846436
1.1459529399871826
1.1559290885925293
1.1489183902740479
1.2346961498260498
1.1519172191619873
1.1489262580871582
1.1462430953979492
1.1668775081634521
1.130995750427246
1.1549031734466553
1.1598763465881348
1.1424140930175781
1.135993480682373
1.2277164459228516
1.141967535018921
1.1399691104888916
1.1230225563049316
1.1748547554016113
1.145904302597046
1.1718931198120117
1.152935266494751
1.156923770904541
1.2007603645324707
1.1349568367004395
1.186830997467041
1.1250207424163818
1.1309709548950195
1.2277343273162842
1.2097430229187012
1.1429710388183594
1.1728649139404297
1.1578919887542725
1.1339433193206787
1.1436967849731445
1.1698687076568604
1.170846700668335
1.1748485565185547
1.2008087635040283
1.1589264869689941
1.167875051498413
1.1628870964050293
1.1639134883880615
1.1688919067382812
1.1657652854919434
1.1599762439727783
1.1629085540771484
1.184849500656128
1.1629078388214111
1.177849531173706
1.1299951076507568
1.1579017639160156
1.1718637943267822
1.1678674221038818
1.361384630203247
1.1509203910827637
1.1399579048156738
1.1289787292480469
1.1649069786071777
1.212754249572754
1.1469242572784424
1.130953311920166
1.1698596477508545
1.150892734527588
1.1439390182495117
1.1409544944763184
1.2008092403411865