
1.123023509979248
1.1170108318328857
1.132988452911377
1.1436188220977783
1.1998162269592285
1.1439316272735596
1.0980653762817383
1.102051019668579
1.1498711109161377
1.1060197353363037
1.1139888763427734
1.131000280380249
1.1239924430847168
1.1080329418182373
1.1050357818603516
1.1369783878326416
1.1379563808441162
1.1150169372558594
1.1867964267730713
1.1459612846374512
1.09407377243042
1.1688528060913086
1.1210606098175049
1.1329376697540283
1.141972303390503
1.1279807090759277
1.1170105934143066
1.0960676670074463
1.1469318866729736
1.1519176959991455
1.1858508586883545
1.0960464477539062
1.125009298324585
1.1546947956085205
1.156879186630249
1.1239917278289795
1.157921314239502
1.1070575714111328
1.1379523277282715
1.1130216121673584
1.1040525436401367
1.1419658660888672
1.1279923915863037
1.119983196258545
1.121995449066162
1.1196608543395996
1.1259665489196777
1.102051019668579
1.1608901023864746
1.120002269744873
1.117011308670044
1.168898344039917
1.1429736614227295
1.1140265464782715
1.131014108657837
1.1279706954956055
1.1110551357269287
1.0990660190582275
1.1429142951965332
1.1588995456695557
1.1499269008636475
1.1090326309204102
1.2107603549957275
1.1369786262512207
1.102041244506836
1.12998366355896
1.1030676364898682
1.1080424785614014
1.1050434112548828
1.1050150394439697
1.1778614521026611
1.1184892654418945
1.1219675540924072
1.126006841659546
1.1339857578277588
1.123002529144287
1.1469242572784424
1.1220171451568604
1.2197558879852295
1.1349904537200928
1.104043960571289
1.1060407161712646
1.126990795135498
1.1539125442504883
1.1170117855072021
1.1239917278289795
1.1280021667480469
1.131967544555664
1.0990378856658936
1.1579012870788574
1.134962797164917
1.1260144710540771
1.1638851165771484
1.199324607849121
1.127004861831665
1.112044095993042
1.2018041610717773
1.1060612201690674
1.1249830722808838
1.09706449508667