
1.1240129470825195
1.1180365085601807
1.207768201828003
1.1778440475463867
1.198791742324829
1.1519367694854736
1.2406880855560303
1.1758463382720947
1.1848301887512207
1.1430668830871582
1.1648826599121094
1.1608948707580566
1.1598899364471436
1.1748559474945068
1.2298657894134521
1.1679027080535889
1.160914421081543
1.168898105621338
1.1838312149047852
1.134960412979126
1.206768274307251
1.1678764820098877
1.1449317932128906
1.1349825859069824
1.146951675415039
1.1638784408569336
1.1170380115509033
1.1303856372833252
1.2027802467346191
1.2476625442504883
1.2037787437438965
1.1389801502227783
1.15391206741333
1.214747667312622
1.1599228382110596
1.1808106899261475
1.1878209114074707
1.181865930557251
1.176872968673706
1.1947956085205078
1.133967399597168
1.1978144645690918
1.200765609741211
1.174856424331665
1.180833339691162
1.1230058670043945
1.2107656002044678
1.1579012870788574
1.170858383178711
1.1778478622436523
1.1688735485076904
1.2077486515045166
1.1579077243804932
1.1329944133758545
1.1389305591583252
1.1469240188598633
1.1509270668029785
1.17586088180542
1.141944169998169
1.1449284553527832
1.1339735984802246
1.1828694343566895
1.1978161334991455
1.2157471179962158
1.161898136138916
1.1678743362426758
1.2047762870788574
1.1798622608184814
1.2417001724243164
1.1469309329986572
1.2008135318756104
1.1888172626495361
1.1828138828277588
1.1898159980773926
1.1459534168243408
1.1614124774932861
1.1688730716705322
1.1349830627441406
1.154893398284912
1.1429212093353271
1.148925542831421
1.14892578125
1.14792799949646
1.1609127521514893
1.1399688720703125
1.1658821105957031
1.1997904777526855
1.1628870964050293
1.1429517269134521
1.1559064388275146
1.1529123783111572
1.1908137798309326
1.1958017349243164
1.222754716873169
1.150940179824829
1.141944408416748
1.1509277820587158
1.1878206729888916
1.174875020980835
1.1618640422821045