
1.1309738159179688
1.1479477882385254
1.1728684902191162
1.1419651508331299
1.1548817157745361
1.1652190685272217
1.1379528045654297
1.155914306640625
1.140946388244629
1.163914442062378
1.1270043849945068
1.1399686336517334
1.1489264965057373
1.119004726409912
1.1299700736999512
1.1329753398895264
1.122992753982544
1.1249890327453613
1.131993055343628
1.1140408515930176
1.1130414009094238
1.1200227737426758
1.121004581451416
1.137956142425537
1.142913818359375
1.1339929103851318
1.1120483875274658
1.1538922786712646
1.1429405212402344
1.232722520828247
1.1688735485076904
1.157921314239502
1.1120436191558838
1.1259677410125732
1.1269843578338623
1.135969638824463
1.1189851760864258
1.1209790706634521
1.1239919662475586
1.1140193939208984
1.1199743747711182
1.1169908046722412
1.180859088897705
1.1389825344085693
1.127011775970459
1.1040384769439697
1.1668994426727295
1.124988079071045
1.150947093963623
1.1329915523529053
1.1319599151611328
1.149916410446167
1.1429312229156494
1.1349902153015137
1.1509394645690918
1.1297757625579834
1.166870355606079
1.1210200786590576
1.1417236328125
1.1100599765777588
1.1548984050750732
1.1359586715698242
1.263617753982544
1.1299564838409424
1.154909610748291
1.1150193214416504
1.1339669227600098
1.192807912826538
1.1419227123260498
1.1349847316741943
1.1399285793304443
1.136958360671997
1.1110472679138184
1.1259946823120117
1.1369376182556152
1.1579205989837646
1.1439192295074463
1.1210002899169922
1.1050429344177246
1.1260058879852295
1.1279830932617188
1.1488983631134033
1.260645866394043
1.1629087924957275
1.1469109058380127
1.1409251689910889
1.1409730911254883
1.1638853549957275
1.101073980331421
1.1220173835754395
1.1539032459259033
1.1538925170898438
1.162874460220337
1.1469321250915527
1.1399571895599365
1.1170103549957275
1.1379549503326416
1.1489267349243164
1.1280081272125244
1.109039306640625