
1.0880870819091797
1.1020419597625732
1.1160125732421875
1.1190056800842285
1.1170380115509033
1.132967472076416
1.144956350326538
1.1562135219573975
1.0891060829162598
1.097083568572998
1.0860860347747803
1.1150178909301758
1.089085578918457
1.0990800857543945
1.1629157066345215
1.1080551147460938
1.1030282974243164
1.1250104904174805
1.1220033168792725
1.1179766654968262
1.0821025371551514
1.0854496955871582
1.1090309619903564
1.1240010261535645
1.1200237274169922
1.1469306945800781
1.111060380935669
1.0811269283294678
1.1618900299072266
1.147928237915039
1.1369571685791016
1.109982967376709
1.105043888092041
1.1100494861602783
1.0960862636566162
1.1160337924957275
1.1050500869750977
1.1109979152679443
1.0801033973693848
1.088111400604248
1.0841312408447266
1.10007643699646
1.109053611755371
1.0911011695861816
1.1689012050628662
1.0910637378692627
1.1100282669067383
1.1249909400939941
1.0841002464294434
1.1319708824157715
1.095048427581787
1.126985788345337
1.0831005573272705
1.0980355739593506
1.11002779006958
1.1190154552459717
1.1110477447509766
1.1060428619384766
1.1629078388214111
1.1199917793273926
1.1259872913360596
1.161963701248169
1.1958014965057373
1.1239640712738037
1.0990784168243408
1.1120588779449463
1.155907154083252
1.1030688285827637
1.099050760269165
1.1329948902130127
1.1190056800842285
1.1159946918487549
1.0921049118041992
1.143911600112915
1.1219775676727295
1.1359796524047852
1.0811140537261963
1.1459369659423828
1.138932704925537
1.1040234565734863
1.1199963092803955
1.1788432598114014
1.128979206085205
1.091050624847412
1.1210200786590576
1.0992419719696045
1.1449153423309326
1.084078073501587
1.118708610534668
1.1249895095825195
1.101060152053833
1.1199820041656494
1.1698710918426514
1.1389532089233398
1.0960683822631836
1.1339390277862549
1.125967025756836
1.108034610748291
1.1120350360870361
1.1289982795715332