
0.38197875022888184
0.39394426345825195
0.37998342514038086
0.38496994972229004
0.40990114212036133
0.389955997467041
0.3869643211364746
0.3819763660430908
0.3849906921386719
0.38895750045776367
0.3859574794769287
0.397935152053833
0.3839724063873291
0.38297510147094727
0.3889594078063965
0.3820037841796875
0.3859395980834961
0.3919510841369629
0.39095330238342285
0.41089963912963867
0.3869626522064209
0.3820040225982666
0.3820319175720215
0.3819761276245117
0.4079406261444092
0.38793516159057617
0.3820052146911621
0.3909261226654053
0.3770136833190918
0.38297581672668457
0.429856538772583
0.3879578113555908
0.37998008728027344
0.3789851665496826
0.3780081272125244
0.38198184967041016
0.3789794445037842
0.37701845169067383
0.3840639591217041
0.3820059299468994
0.3749964237213135
0.3789796829223633
0.37699151039123535
0.378986120223999
0.37697553634643555
0.37900590896606445
0.37699055671691895
0.3829827308654785
0.3789792060852051
0.3869912624359131
0.3779897689819336
0.3780081272125244
0.37799525260925293
0.3809785842895508
0.37598609924316406
0.3969457149505615
0.3929612636566162
0.38197755813598633
0.3779890537261963
0.38098740577697754
0.3750159740447998
0.38199853897094727
0.38197779655456543
0.3789851665496826
0.3779885768890381
0.4717581272125244
0.37897825241088867
0.38199710845947266
0.39495038986206055
0.37699365615844727
0.38502979278564453
0.3780083656311035
0.37899231910705566
0.38394761085510254
0.37801527976989746
0.3799753189086914
0.3760037422180176
0.3820075988769531
0.39994239807128906
0.38297533988952637
0.384979248046875
0.3909444808959961
0.3789858818054199
0.3789858818054199
0.3770110607147217
0.4029216766357422
0.37502241134643555
0.3759887218475342
0.3849484920501709
0.3780081272125244
0.3779942989349365
0.3789803981781006
0.37799620628356934
0.3809804916381836
0.3790459632873535
0.3789839744567871
0.38796210289001465
0.38695740699768066
0.3799734115600586
0.38303494453430176