9.365957736968994
9.332048892974854
9.36095142364502
9.41779899597168
9.407945156097412
9.341973066329956
9.24429202079773
9.354966402053833
9.246281623840332
9.368959665298462
9.357953071594238
9.320080280303955
9.302129030227661
9.264209985733032
9.367940425872803
9.37987232208252
9.230321884155273
9.280167818069458
9.378930807113647
9.283180236816406
9.415810823440552
9.27919054031372
9.287127017974854
9.42579960823059
9.321154832839966
9.457665205001831
9.429789781570435
9.305100679397583
9.401840925216675
9.318072319030762
9.315067529678345
9.478643655776978
9.38788104057312
9.387898683547974
9.382892847061157
9.307122945785522
9.24822449684143
9.309109210968018
9.341004610061646
9.228306293487549
9.277195692062378
9.4905846118927
9.26622486114502
9.2223060131073
9.279197931289673
9.311175346374512
9.267174005508423
9.377932071685791
9.354990720748901
9.312081336975098
9.255261182785034
9.230327129364014
9.306089639663696
9.38289213180542
9.290141820907593
9.25660252571106
9.322075128555298
9.30211615562439
9.256224155426025
9.254243850708008
9.34000039100647
9.329015016555786
9.409830808639526
9.339030981063843
9.446701526641846
9.345019817352295
9.220327854156494
9.348983764648438
9.291156530380249
9.228325128555298
9.31607174873352
9.23927092552185
9.32206106185913
9.28215479850769
9.197388410568237
9.288165092468262
9.284156799316406
9.32607102394104
9.226304292678833
9.257228374481201
9.332035779953003
9.242262363433838
9.292157649993896
9.213325023651123
9.350006818771362
9.212376832962036
9.33900260925293
9.344024419784546
9.378895998001099
9.386882066726685
9.311105966567993
9.226311683654785
9.29612421989441
9.28218126296997
9.33302640914917
9.367936611175537
9.346984624862671
9.319091320037842
9.37390947341919
9.267180919647217