
0.40291428565979004
0.42685818672180176
0.4049086570739746
0.4328422546386719
0.4029428958892822
0.40389585494995117
0.4009537696838379
0.40094494819641113
0.403902530670166
0.44683074951171875
0.4089071750640869
0.40100765228271484
0.399918794631958
0.40192484855651855
0.4009270668029785
0.47772812843322754
0.4209010601043701
0.40192437171936035
0.42887353897094727
0.40393900871276855
0.4418177604675293
0.4498167037963867
0.4029417037963867
0.4109079837799072
0.40590763092041016
0.41292357444763184
0.39995813369750977
0.40395259857177734
0.40760207176208496
0.4069178104400635
0.4029216766357422
0.402940034866333
0.4089021682739258
0.4068901538848877
0.4368593692779541
0.4039185047149658
0.40391993522644043
0.41089296340942383
0.4059138298034668
0.40491676330566406
0.398958683013916
0.40192484855651855
0.40194272994995117
0.4049093723297119
0.405914306640625
0.422868013381958
0.4069185256958008
0.4039120674133301
0.40291881561279297
0.4049370288848877
0.3999364376068115
0.39992332458496094
0.4059133529663086
0.4527885913848877
0.40990304946899414
0.39995622634887695
0.39992260932922363
0.4039266109466553
0.3989243507385254
0.40299034118652344
0.43979501724243164
0.40691232681274414
0.3989524841308594
0.40491557121276855
0.4129159450531006
0.40192437171936035
0.4009273052215576
0.4009675979614258
0.40590810775756836
0.40393996238708496
0.4009268283843994
0.41588711738586426
0.40691328048706055
0.39992213249206543
0.4108922481536865
0.40596961975097656
0.40891337394714355
0.4218602180480957
0.40093994140625
0.4019453525543213
0.4009268283843994
0.4069180488586426
0.40691089630126953
0.40590739250183105
0.4009556770324707
0.4039113521575928
0.4009270668029785
0.3979623317718506
0.4009273052215576
0.40892767906188965
0.4258396625518799
0.3999500274658203
0.41988444328308105
0.4059131145477295
0.42286109924316406
0.4009270668029785
0.41491079330444336
0.44582629203796387
0.40891265869140625
0.40198445320129395