8.658828973770142
8.750584602355957
8.731635093688965
8.717672348022461
8.77651596069336
8.791476249694824
8.766563415527344
8.775517702102661
8.745619058609009
8.74757170677185
8.778507947921753
8.729639768600464
8.833362817764282
8.755592584609985
8.87228512763977
8.793469190597534
8.738615274429321
8.783517599105835
8.887197732925415
8.746593713760376
8.69473385810852
8.780505657196045
8.701735258102417
8.657832622528076
8.78148102760315
8.834359645843506
8.776511907577515
8.72964072227478
8.533170700073242
8.72468090057373
8.64585828781128
8.725651264190674
8.606969118118286
8.642892599105835
8.621928930282593
8.663837671279907
8.657811880111694
8.62395191192627
8.602999448776245
8.687758922576904
8.771522045135498
8.679752588272095
8.924141883850098
8.721640586853027
8.61310362815857
8.6019926071167
8.654860258102417
8.638890266418457
8.59402346611023
8.689727306365967
8.734647989273071
8.926135778427124
8.638883590698242
8.626941919326782
8.666829586029053
8.673811674118042
8.66283893585205
8.621957540512085
8.701830625534058
8.678803443908691
8.632992267608643
8.621023178100586
8.646986484527588
8.627043724060059
8.752698421478271
8.637877941131592
8.644894123077393
8.760559558868408
8.56208872795105
8.600983142852783
8.796555757522583
8.655922412872314
8.588038921356201
8.727625370025635
8.648997783660889
8.721782207489014
8.604061841964722
8.761582374572754
8.741601467132568
8.648863792419434
8.558120250701904
8.645009517669678
8.68985104560852
8.82752013206482
8.692739248275757
8.724653959274292
8.718669652938843
8.737639665603638
8.67480731010437
8.877335786819458
8.750611066818237
8.717672109603882
8.72467041015625
8.718663215637207
8.642893552780151
8.707721948623657
8.55314040184021
8.748611688613892
8.616962432861328
8.779533386230469