5.846375226974487
5.820404052734375
5.774547815322876
5.778537750244141
5.821420669555664
5.810450553894043
5.763576507568359
5.742633819580078
5.778536558151245
5.845378398895264
5.975009918212891
5.849347829818726
5.7845423221588135
5.754600286483765
5.847352981567383
5.850366115570068
5.778535604476929
5.794515609741211
5.910183429718018
5.783524036407471
5.7805328369140625
5.795491456985474
5.7496137619018555
5.773550748825073
5.769561290740967
5.819427728652954
5.827407121658325
5.872286558151245
5.844362497329712
5.761591196060181
5.76558256149292
5.870303153991699
5.851464748382568
5.813442230224609
5.751609563827515
5.836382627487183
5.823416233062744
5.787534236907959
5.823415517807007
5.914174556732178
5.851343393325806
5.892253160476685
5.856309413909912
5.766570568084717
5.748637676239014
5.791502237319946
5.742632865905762
5.820424318313599
5.887276649475098
5.818428993225098
5.776552677154541
5.797487735748291
5.7596540451049805
5.75958776473999
5.789508104324341
5.871289253234863
5.783545732498169
5.792478322982788
5.82541298866272
5.869293451309204
5.755598545074463
5.774548292160034
5.909186124801636
5.773549795150757
5.780531167984009
5.821423768997192
5.789506673812866
5.856328964233398
5.8413708209991455
5.867297410964966
5.8154380321502686
5.814452886581421
5.806483268737793
5.8812830448150635
5.789486408233643
5.811448812484741
5.763598203659058
5.778660774230957
5.785505533218384
5.8762757778167725
5.766572713851929
5.9221320152282715
5.816454887390137
5.862322092056274
5.810454845428467
5.8104212284088135
5.7545998096466064
5.8373799324035645
5.818430423736572
5.902207374572754
5.806461572647095
5.7885096073150635
5.871289253234863
5.8762757778167725
5.8014771938323975
5.79050350189209
5.833390235900879
5.857326507568359
5.802473783493042
5.940104007720947