6.255261659622192
6.200408458709717
6.226357936859131
6.227315187454224
6.191453456878662
6.240280866622925
6.186445951461792
6.219357967376709
6.204399108886719
6.1884496212005615
6.126606225967407
6.250275135040283
6.211379528045654
6.2712180614471436
6.161520481109619
6.13759708404541
6.265355825424194
6.234317302703857
6.3290863037109375
6.23033595085144
6.2113494873046875
6.196420431137085
6.17448878288269
6.279176712036133
6.219388008117676
6.236310243606567
6.239304304122925
6.270222425460815
6.1834540367126465
6.230337381362915
6.202402830123901
6.212377548217773
6.356988430023193
6.192430257797241
6.152535915374756
6.198412895202637
6.223346471786499
6.287197828292847
6.267229080200195
6.313127517700195
6.198392391204834
6.2412989139556885
6.193455696105957
6.171457290649414
6.201405763626099
6.154552698135376
6.1714842319488525
6.3001415729522705
6.2871763706207275
6.2871973514556885
6.138554096221924
6.178494930267334
6.191430568695068
6.195423126220703
6.190455913543701
6.203379154205322
6.120645046234131
6.196398496627808
6.171485900878906
6.183454751968384
6.159517765045166
6.261244535446167
6.2841832637786865
6.247303009033203
6.264235734939575
6.1764936447143555
6.28717565536499
6.200407028198242
6.246285915374756
6.197415351867676
6.141565322875977
6.282189846038818
6.124610424041748
6.137598037719727
6.184430122375488
6.218360424041748
6.176473140716553
6.189435958862305
6.120622158050537
6.265235185623169
6.230328559875488
6.286179065704346
6.149545192718506
6.194453001022339
6.291165351867676
6.119624614715576
6.142561912536621
6.193453311920166
6.179437875747681
6.224343538284302
6.1814799308776855
6.204377174377441
6.143561601638794
6.143558979034424
6.265233516693115
6.285181760787964
6.16251015663147
6.180461645126343
6.158520460128784
6.178466320037842