
0.36998510360717773
0.3670177459716797
0.37299513816833496
0.37100696563720703
0.3700087070465088
0.38297486305236816
0.36402392387390137
0.36801648139953613
0.3759951591491699
0.3730015754699707
0.3839704990386963
0.38197779655456543
0.40192127227783203
0.3690333366394043
0.3789641857147217
0.36601877212524414
0.37399888038635254
0.36901116371154785
0.36901259422302246
0.3740193843841553
0.3630077838897705
0.3949429988861084
0.3780205249786377
0.3650214672088623
0.3700094223022461
0.3680148124694824
0.38496971130371094
0.3650228977203369
0.36901283264160156
0.3779890537261963
0.38197946548461914
0.4059121608734131
0.3710670471191406
0.3849904537200928
0.3759920597076416
0.3749978542327881
0.3730003833770752
0.374021053314209
0.3799624443054199
0.3720054626464844
0.3790125846862793
0.37097930908203125
0.37100744247436523
0.3680148124694824
0.36801576614379883
0.3779878616333008
0.37998342514038086
0.36602091789245605
0.3759932518005371
0.3759937286376953
0.37200403213500977
0.37600255012512207
0.38395142555236816
0.3809814453125
0.3759927749633789
0.37801027297973633
0.38893866539001465
0.38496994972229004
0.3670158386230469
0.36901140213012695
0.3670170307159424
0.3670167922973633
0.3759937286376953
0.4228665828704834
0.367018461227417
0.39095330238342285
0.40793585777282715
0.37102723121643066
0.36602044105529785
0.37200450897216797
0.3680150508880615
0.3919522762298584
0.37502455711364746
0.37596559524536133
0.37698912620544434
0.42685890197753906
0.37200450897216797
0.3730018138885498
0.3919508457183838
0.38197922706604004
0.37302136421203613
0.37399744987487793
0.3650233745574951
0.3809804916381836
0.38197875022888184
0.3730018138885498
0.37200355529785156
0.3680150508880615
0.3830399513244629
0.38297462463378906
0.37100720405578613
0.3839724063873291
0.37100720405578613
0.3749973773956299
0.381976842880249
0.37200450897216797
0.37399911880493164
0.37203240394592285
0.3659994602203369
0.3789865970611572