3.9115309715270996
3.780884027481079
3.721031904220581
3.781909227371216
3.8506972789764404
3.7529778480529785
3.764925479888916
3.777888536453247
3.7310166358947754
3.745976209640503
3.8188090324401855
3.711068868637085
3.8158180713653564
3.796812057495117
3.726030111312866
3.754971742630005
3.7409894466400146
3.7270069122314453
3.7080771923065186
3.718074083328247
3.7549312114715576
3.7170541286468506
3.7320141792297363
3.745976448059082
3.788860321044922
3.720045566558838
3.7399933338165283
3.709094285964966
3.7499446868896484
3.7499661445617676
3.7519612312316895
3.807809352874756
3.8491809368133545
3.7429842948913574
3.8267312049865723
3.7310163974761963
3.8577051162719727
3.945441484451294
3.906546115875244
3.8217718601226807
3.7409908771514893
3.728023052215576
3.774899482727051
3.791853666305542
3.7290198802948
3.7041096687316895
3.7789194583892822
3.775864839553833
3.7479705810546875
3.7180826663970947
3.725033760070801
3.781879425048828
3.755950689315796
3.7599377632141113
3.775026559829712
3.762930393218994
3.7379977703094482
3.7669272422790527
3.715052604675293
3.747990846633911
3.7100512981414795
3.7320141792297363
3.742983341217041
3.752955913543701
3.7180588245391846
3.7100725173950195
3.746974229812622
3.7998316287994385
3.7569477558135986
3.7868661880493164
3.696108818054199
4.319439888000488
3.7689149379730225
3.701096534729004
3.688251495361328
3.7699100971221924
3.777921199798584
3.759936809539795
3.797808885574341
3.7449772357940674
3.7529571056365967
3.7070794105529785
3.7380032539367676
3.761944055557251
3.751960277557373
3.729041576385498
3.718052387237549
3.703089714050293
3.7210440635681152
3.780881643295288
3.7499656677246094
3.849698543548584
3.7430059909820557
3.7529780864715576
3.807790994644165
3.74298357963562
3.871640205383301
3.7808821201324463
3.7858693599700928
3.7708990573883057