
0.38799333572387695
0.3859872817993164
0.4258882999420166
0.40290045738220215
0.3919715881347656
0.39895105361938477
0.4118986129760742
0.38596653938293457
0.4019045829772949
0.38904881477355957
0.39591431617736816
0.3939657211303711
0.3879878520965576
0.38796496391296387
0.4019162654876709
0.391951322555542
0.3899850845336914
0.3929412364959717
0.38997912406921387
0.38695335388183594
0.391979455947876
0.4078993797302246
0.38498926162719727
0.3869740962982178
0.3889284133911133
0.4248616695404053
0.3840005397796631
0.3869946002960205
0.38496947288513184
0.3899497985839844
0.4179086685180664
0.4148900508880615
0.4198496341705322
0.39296936988830566
0.3959388732910156
0.39098095893859863
0.3849904537200928
0.3859882354736328
0.3849780559539795
0.3849635124206543
0.3899838924407959
0.3889796733856201
0.3849623203277588
0.38496851921081543
0.3839707374572754
0.39296936988830566
0.39295291900634766
0.4078810214996338
0.39098048210144043
0.3859877586364746
0.38297605514526367
0.38697004318237305
0.40393948554992676
0.38996315002441406
0.3859868049621582
0.39095449447631836
0.3899562358856201
0.38695788383483887
0.38594722747802734
0.3859872817993164
0.39095377922058105
0.3979353904724121
0.3919517993927002
0.385974645614624
0.40291333198547363
0.389019250869751
0.390946626663208
0.3869645595550537
0.3889493942260742
0.39295506477355957
0.3859877586364746
0.3849976062774658
0.3909468650817871
0.39296460151672363
0.38697266578674316
0.4198768138885498
0.38199806213378906
0.39098048210144043
0.38596034049987793
0.3909735679626465
0.40292906761169434
0.3829948902130127
0.38597726821899414
0.426846981048584
0.4258694648742676
0.3849606513977051
0.39394593238830566
0.39893198013305664
0.3909616470336914
0.38997602462768555
0.4069185256958008
0.39095425605773926
0.38996386528015137
0.3919808864593506
0.39095640182495117
0.395937442779541
0.3919506072998047
0.39195823669433594
0.3809802532196045
0.3839912414550781