
0.4188992977142334
0.42586421966552734
0.4418797492980957
0.41985511779785156
0.4647843837738037
0.42887163162231445
0.42685770988464355
0.418898344039917
0.41985559463500977
0.42984962463378906
0.4418373107910156
0.44082045555114746
0.4348161220550537
0.4637792110443115
0.4787418842315674
0.44577908515930176
0.4537849426269531
0.4308469295501709
0.4308466911315918
0.43586206436157227
0.42589235305786133
0.4188680648803711
0.42288780212402344
0.42887139320373535
0.4218919277191162
0.4188816547393799
0.416881799697876
0.423872709274292
0.4298713207244873
0.4198756217956543
0.4378352165222168
0.4239346981048584
0.42688822746276855
0.4278559684753418
0.42286157608032227
0.42685794830322266
0.4418179988861084
0.4298572540283203
0.44182896614074707
0.42392730712890625
0.42187070846557617
0.42089343070983887
0.46276068687438965
0.42087483406066895
0.43581199645996094
0.42389440536499023
0.42885279655456543
0.4408457279205322
0.4348280429840088
0.4168844223022461
0.4188997745513916
0.43085384368896484
0.43284010887145996
0.48273587226867676
0.4497976303100586
0.45279479026794434
0.4308748245239258
0.4238588809967041
0.4378352165222168
0.41790270805358887
0.4248828887939453
0.4238877296447754
0.47872424125671387
0.46076059341430664
0.42386484146118164
0.4208667278289795
0.41887998580932617
0.4198768138885498
0.4308505058288574
0.42286229133605957
0.42685699462890625
0.4228489398956299
0.49669718742370605
0.4209001064300537
0.42585301399230957
0.41788244247436523
0.41887855529785156
0.4478006362915039
0.4238440990447998
0.4508211612701416
0.43385958671569824
0.4238860607147217
0.425839900970459
0.46278882026672363
0.43982791900634766
0.46375489234924316
0.42284059524536133
0.42588186264038086
0.42885303497314453
0.45380687713623047
0.42685747146606445
0.42386674880981445
0.4228677749633789
0.42189884185791016
0.4228689670562744
0.42882657051086426
0.42389559745788574
0.42186951637268066
0.4218907356262207
0.4388258457183838