2.6279666423797607
2.715733051300049
2.636942148208618
2.589099884033203
2.573134660720825
2.6040029525756836
2.569127082824707
2.6200029850006104
2.615034580230713
2.6050500869750977
2.5890729427337646
2.5672688484191895
2.584105968475342
2.599046468734741
2.573141574859619
2.6230099201202393
2.6389377117156982
2.6140053272247314
2.5711209774017334
2.5761265754699707
2.5820913314819336
2.615001678466797
2.6099257469177246
2.545203447341919
2.557177782058716
2.5492045879364014
2.524925470352173
2.6968066692352295
2.5781219005584717
2.6159989833831787
2.6409337520599365
2.588381767272949
2.570122003555298
2.6329550743103027
2.520268440246582
2.5581421852111816
2.542224645614624
2.5741324424743652
2.5285067558288574
2.666886568069458
2.5651609897613525
2.6020572185516357
2.792527437210083
2.623978614807129
2.5990452766418457
2.5920650959014893
2.578122615814209
2.5781002044677734
2.5950570106506348
2.634948968887329
2.6030352115631104
2.662125825881958
2.6169919967651367
2.6718504428863525
2.5801355838775635
2.6648688316345215
2.606045961380005
2.6149723529815674
2.6080667972564697
2.6120352745056152
2.598031759262085
2.5890915393829346
2.6180145740509033
2.594594955444336
2.565155506134033
2.5930817127227783
2.5890727043151855
2.6088783740997314
2.5551650524139404
2.5920634269714355
2.5970494747161865
2.584113121032715
2.5611464977264404
2.6110153198242188
2.645918369293213
2.668858051300049
2.620986223220825
2.663126230239868
2.567309617996216
2.5830883979797363
2.611013174057007
2.5701427459716797
2.5811245441436768
2.59306001663208
2.619990348815918
2.5890443325042725
2.6450023651123047
2.547417640686035
2.606058120727539
2.5870766639709473
2.6090173721313477
2.619990825653076
2.6140031814575195
2.5671305656433105
2.5741329193115234
2.5870778560638428
2.5702996253967285
2.6100149154663086
2.5960748195648193
2.5890700817108154
