
0.4138913154602051
0.37998318672180176
0.38895726203918457
0.38796210289001465
0.3779892921447754
0.38199830055236816
0.38594627380371094
0.3809802532196045
0.38297581672668457
0.3869590759277344
0.4288520812988281
0.3759939670562744
0.4168858528137207
0.37499499320983887
0.39394450187683105
0.3869647979736328
0.3869631290435791
0.38197803497314453
0.40990328788757324
0.408905029296875
0.4118974208831787
0.3859679698944092
0.3899555206298828
0.37399935722351074
0.3840031623840332
0.37696099281311035
0.372025728225708
0.37698912620544434
0.3800048828125
0.37699151039123535
0.3780074119567871
0.3839528560638428
0.38397216796875
0.3839712142944336
0.38796091079711914
0.3899564743041992
0.38796186447143555
0.37200427055358887
0.3809809684753418
0.36901211738586426
0.37998390197753906
0.3949418067932129
0.38698554039001465
0.37600064277648926
0.3939192295074463
0.37499547004699707
0.4039194583892822
0.3779876232147217
0.3829762935638428
0.3790159225463867
0.3889591693878174
0.38295960426330566
0.37998294830322266
0.39394569396972656
0.4258604049682617
0.3869645595550537
0.3749969005584717
0.38100171089172363
0.38397884368896484
0.3749690055847168
0.37898707389831543
0.39394688606262207
0.38199734687805176
0.3759927749633789
0.3719792366027832
0.3969395160675049
0.3759920597076416
0.3749964237213135
0.3730018138885498
0.39394617080688477
0.38297462463378906
0.3979363441467285
0.40192413330078125
0.38796234130859375
0.3889591693878174
0.37998151779174805
0.37100768089294434
0.3949427604675293
0.38796210289001465
0.381976842880249
0.385967493057251
0.37699127197265625
0.3779885768890381
0.37998342514038086
0.37400007247924805
0.3889806270599365
0.3899567127227783
0.3819847106933594
0.37100696563720703
0.38895750045776367
0.3809816837310791
0.37998270988464355
0.36601877212524414
0.378986120223999
0.39294862747192383
0.3889589309692383
0.38100266456604004
0.3879411220550537
0.37100720405578613
0.37399768829345703