7.156849145889282
7.1498942375183105
7.225663661956787
7.09401798248291
7.118950366973877
7.213716983795166
7.110970973968506
7.0421552658081055
7.1119701862335205
7.15285849571228
7.041160345077515
7.120945692062378
7.1049864292144775
7.2037248611450195
7.039163827896118
7.103990316390991
7.1718292236328125
7.144881010055542
7.083045482635498
7.072075366973877
7.084043502807617
7.189761161804199
7.133929967880249
7.062084436416626
7.062123775482178
7.110944986343384
7.059109926223755
7.140892267227173
7.090743064880371
7.132933616638184
7.13189435005188
7.092023849487305
7.062101125717163
7.056119441986084
7.15584921836853
7.103988885879517
7.099003553390503
7.176797151565552
7.167819023132324
7.337366342544556
7.124934196472168
7.122960567474365
7.0870161056518555
7.124934673309326
7.1408915519714355
7.119946241378784
7.043153762817383
7.230672836303711
7.190766334533691
7.174772024154663
7.156849145889282
7.1877663135528564
7.098006725311279
7.103990316390991
7.017222881317139
7.207733869552612
7.145857095718384
7.10099983215332
7.025200366973877
7.2984702587127686
7.2416465282440186
7.102991104125977
7.087035894393921
7.0850629806518555
7.06806492805481
7.076064348220825
7.2236692905426025
7.116955280303955
7.137920618057251
7.11095118522644
7.105975151062012
7.104986190795898
7.117953300476074
7.045146465301514
7.0431530475616455
7.139894723892212
7.096039056777954
7.128923416137695
7.091026306152344
7.10700249671936
7.0471415519714355
7.080053329467773
7.162832736968994
7.106982231140137
7.113962411880493
7.214693546295166
7.048139333724976
7.196741342544556
7.16484808921814
7.168815612792969
7.112962484359741
7.096012592315674
7.064097166061401
7.127945899963379
7.040159702301025
7.18377685546875
7.084045171737671
7.097029209136963
7.154834508895874
7.142885446548462