
0.3979361057281494
0.3879692554473877
0.39893317222595215
0.3919713497161865
0.3899655342102051
0.4438650608062744
0.38798952102661133
0.39092564582824707
0.40790891647338867
0.3909461498260498
0.4278557300567627
0.3889801502227783
0.398939847946167
0.3880462646484375
0.3909568786621094
0.3889577388763428
0.4049375057220459
0.3999361991882324
0.39095330238342285
0.3939666748046875
0.4029200077056885
0.39795613288879395
0.3869905471801758
0.38996267318725586
0.3889503479003906
0.39893221855163574
0.3889658451080322
0.40990376472473145
0.39086103439331055
0.4278750419616699
0.3919494152069092
0.3879828453063965
0.391951322555542
0.39594078063964844
0.4098832607269287
0.3969566822052002
0.3939530849456787
0.3909461498260498
0.3969380855560303
0.3899567127227783
0.44281458854675293
0.3899874687194824
0.3899557590484619
0.38898563385009766
0.39594435691833496
0.38695859909057617
0.38996315002441406
0.39296841621398926
0.3899552822113037
0.38895726203918457
0.3929288387298584
0.38994908332824707
0.39397192001342773
0.39200663566589355
0.40891218185424805
0.42186450958251953
0.4089329242706299
0.40393877029418945
0.3959212303161621
0.3909730911254883
0.39397287368774414
0.3889589309692383
0.3859694004058838
0.3879551887512207
0.3889584541320801
0.3919510841369629
0.39203381538391113
0.3939683437347412
0.3899505138397217
0.3939650058746338
0.38796138763427734
0.41788268089294434
0.388979434967041
0.39194226264953613
0.39403676986694336
0.39493608474731445
0.39693784713745117
0.41188979148864746
0.3879823684692383
0.3919510841369629
0.3929588794708252
0.3969275951385498
0.42087459564208984
0.38898634910583496
0.3939487934112549
0.3929460048675537
0.39893269538879395
0.3869647979736328
0.38997769355773926
0.39195942878723145
0.395932674407959
0.38796281814575195
0.3929483890533447
0.3909597396850586
0.3959333896636963
0.39794182777404785
0.39294958114624023
0.3929715156555176
0.39794445037841797
0.3919510841369629