1.2706263065338135
1.3075127601623535
1.2785956859588623
1.2656118869781494
1.260619878768921
1.3234586715698242
1.269601583480835
1.2646372318267822
1.2766108512878418
1.2815706729888916
1.2766032218933105
1.274609088897705
1.2755870819091797
1.2865777015686035
1.2786049842834473
1.2807414531707764
1.290574073791504
1.2995226383209229
1.2787272930145264
1.3084983825683594
1.2759418487548828
1.355395793914795
1.2805712223052979
1.2966558933258057
1.3025150299072266
1.3295822143554688
1.2837271690368652
1.3074932098388672
1.3144831657409668
1.3334519863128662
1.2925610542297363
1.3284437656402588
1.379575490951538
1.3553757667541504
1.3095180988311768
1.2865588665008545
1.3156371116638184
1.2905659675598145
1.3194968700408936
1.3365774154663086
1.315479040145874
1.3035407066345215
1.280583143234253
1.2895379066467285
1.2935380935668945
1.305506706237793
1.2816052436828613
1.3036682605743408
1.3300645351409912
1.3454012870788574
1.265613079071045
1.2915704250335693
1.3274469375610352
1.3224892616271973
1.288550853729248
1.402247428894043
1.308518886566162
1.2825982570648193
1.2823383808135986
1.2905693054199219
1.2995431423187256
1.296682357788086
1.2825677394866943
1.2945561408996582
1.3135085105895996
1.3613572120666504
1.285560131072998
1.2965497970581055
1.3105206489562988
1.27158784866333
1.2745893001556396
1.3015189170837402
1.3254528045654297
1.294536828994751
1.287553310394287
1.2746093273162842
1.3145077228546143
1.281597375869751
1.2925622463226318
1.277580976486206
1.313485860824585
1.2835643291473389
1.3045310974121094
1.343437910079956
1.3035101890563965
1.3025426864624023
1.2985458374023438
1.2865583896636963
1.314483642578125
1.295557975769043
1.261622667312622
1.3633520603179932
1.290567398071289
1.3114697933197021
1.284583568572998
1.3154795169830322
1.303511381149292
1.2776024341583252
1.2825679779052734
1.3145132064819336
