
0.40990304946899414
0.4388151168823242
0.41887903213500977
0.41788363456726074
0.42586731910705566
0.408933162689209
0.4208652973175049
0.43483734130859375
0.41887998580932617
0.4119374752044678
0.4099252223968506
0.4258396625518799
0.43287014961242676
0.4188716411590576
0.4248697757720947
0.4138913154602051
0.4159059524536133
0.4168848991394043
0.4178812503814697
0.42987632751464844
0.41887879371643066
0.41488099098205566
0.41392040252685547
0.4228403568267822
0.419905424118042
0.42685484886169434
0.4178750514984131
0.41491055488586426
0.437638521194458
0.4348568916320801
0.4189589023590088
0.4328482151031494
0.49367189407348633
0.4747309684753418
0.4148886203765869
0.4119250774383545
0.4537825584411621
0.4178783893585205
0.4169461727142334
0.4158775806427002
0.416884183883667
0.41391921043395996
0.4129161834716797
0.417888879776001
0.4098937511444092
0.4118976593017578
0.4089064598083496
0.41788148880004883
0.42087268829345703
0.4188978672027588
0.4128880500793457
0.41689085960388184
0.4149186611175537
0.4278538227081299
0.43486976623535156
0.4169118404388428
0.4149172306060791
0.42585325241088867
0.41488146781921387
0.41585755348205566
0.40992236137390137
0.4807143211364746
0.41696667671203613
0.43284082412719727
0.4338388442993164
0.4477825164794922
0.4228982925415039
0.4298217296600342
0.41989874839782715
0.4168856143951416
0.410900354385376
0.416884183883667
0.416884183883667
0.42489194869995117
0.409895658493042
0.4178810119628906
0.4158935546875
0.4109015464782715
0.4298207759857178
0.4109005928039551
0.41790270805358887
0.41588568687438965
0.4109206199645996
0.412900447845459
0.4308202266693115
0.43782758712768555
0.41895365715026855
0.41191816329956055
0.4148693084716797
0.41392040252685547
0.4378225803375244
0.42783474922180176
0.4129157066345215
0.41289448738098145
0.41089963912963867
0.4148976802825928
0.41089320182800293
0.41090846061706543
0.4158802032470703
0.4368100166320801